AÑO,FECHA ENVIO,DEPARTAMENTO,PROVINCIA,DISTRITO,NOMBRE CENTRO ATENCION,CASOS ATENDIDOS-TOTAL--,CASOS ATENDIDOS - HOMBRES - TOTAL,CASOS ATENDIDOS - MUJERES - TOTAL,CASOS ATENDIDOS - VIOLENCIA PSICOLOGICA,CASOS ATENDIDOS - VIOLENCIA FISICA,CASOS ATENDIDOS - VIOLENCIA SEXUAL,CASOS ATENDIDOS - 0_5 - TOTAL,CASOS ATENDIDOS - 0_5 - HOMBRES,CASOS ATENDIDOS - 0_5 - MUJERES,CASOS ATENDIDOS - 6_11 - TOTAL,CASOS ATENDIDOS - 6_11 - HOMBRES,CASOS ATENDIDOS - 6_11 - MUJERES,CASOS ATENDIDOS - 12_17 - TOTAL,CASOS ATENDIDOS - 12_17 - HOMBRES,CASOS ATENDIDOS - 12_17 - MUJERES,CASOS ATENDIDOS - 18_29 - TOTAL,CASOS ATENDIDOS - 18_29 - HOMBRES,CASOS ATENDIDOS - 18_29 - MUJERES,CASOS ATENDIDOS - 30_59 - TOTAL,CASOS ATENDIDOS - 30_59 - HOMBRES,CASOS ATENDIDOS - 30_59 - MUJERES,CASOS ATENDIDOS - 60_MAS - TOTAL,CASOS ATENDIDOS - 60_MAS - HOMBRES,CASOS ATENDIDOS - 60_MAS - MUJERES
2020,15/01/2021,APurímAC,ABANCAY,ABANCAY,CEM ABANCAY,175,14,161,101,61,13,3,2,1,11,7,4,13,2,11,39,0,39,95,1,94,14,2,12
2020,15/01/2021,HuaNCAVELICA,ACOBAMBA,ACOBAMBA,CEM ACOBAMBA,146,6,140,55,74,17,4,2,2,5,0,5,17,1,16,52,0,52,61,1,60,7,2,5
2020,15/01/2021,HUÁNUCO,AMBO,AMBO,CEM AMBO,181,12,169,68,84,29,11,3,8,14,4,10,34,2,32,60,0,60,53,1,52,9,2,7
2020,15/01/2021,APurímAC,ANDAHUAYLAS,ANDAHUAYLAS,CEM ANDAHUAYLAS,266,22,244,152,92,22,2,0,2,22,9,13,30,5,25,71,2,69,123,2,121,18,4,14
2020,15/01/2021,APurímAC,ANTABAMBA,ANTABAMBA,CEM ANTABAMBA,108,14,94,47,58,3,3,2,1,5,2,3,16,2,14,17,2,15,54,5,49,13,1,12
2020,15/01/2021,piura,ayabaca,ayabaca,cem ayabaca ,159,12,147,66,62,31,2,2,0,15,3,12,35,2,33,40,1,39,61,1,60,6,3,3
2020,15/01/2021,AYACUCHO,HUAMANGA,AYACUCHO,CEM HUAMANGA,357,28,329,215,104,38,9,4,5,30,10,20,31,3,28,98,1,97,165,3,162,24,7,17
2020,15/01/2021,AMAZONAS,BAGUA,BAGUA,CEM BAGUA,101,21,80,46,34,21,13,7,6,19,7,12,22,4,18,20,0,20,23,1,22,4,2,2
2020,15/01/2021,CAJAMARCA,CAJAMARCa,CAJAMARCA,CEM CAJAMARCA,132,19,113,40,52,40,9,5,4,22,8,14,31,4,27,23,0,23,41,1,40,6,1,5
2020,15/01/2021,CALLAO,CALLAO,CALLAO,CEM CALLAO,683,145,538,293,259,131,79,34,45,136,71,65,101,22,79,131,4,127,187,7,180,49,7,42
2020,15/01/2021,AREQUIPA,CAMANÁ,CAMANÁ,CEM CAMANA,265,41,224,149,87,29,7,4,3,33,11,22,35,10,25,66,3,63,100,6,94,24,7,17
2020,15/01/2021,AYACUCHO,CANGALLO,CANGALLO,CEM CANGALLO,98,22,76,70,21,7,13,8,5,20,10,10,17,4,13,17,0,17,30,0,30,1,0,1
2020,15/01/2021,LIMA,CAÑETE,IMPERIAL,CEM IMPERIAL,173,21,152,99,59,15,7,4,3,18,5,13,25,7,18,38,0,38,68,0,68,17,5,12
2020,15/01/2021,LIMA,LIMA,CARABAYLLO,CEM CARABAYLLO,347,91,256,123,163,61,49,31,18,93,40,53,71,11,60,56,3,53,65,2,63,13,4,9
2020,15/01/2021,AREQUIPA,AREQUIPA,AREQUIPA,CEM AREQUIPA,455,94,361,299,108,48,28,12,16,74,27,47,54,16,38,61,2,59,182,12,170,56,25,31
2020,15/01/2021,AMAZONAS,CHACHAPOYAS,CHACHAPOYAS,CEM CHACHAPOYAS,216,18,198,116,64,36,8,2,6,16,3,13,30,5,25,50,3,47,98,3,95,14,2,12
2020,15/01/2021,JUNÍN,CHANCHAMAYO,CHANCHAMAYO,CEM CHANCHAMAYO,269,30,239,142,103,24,8,4,4,20,11,9,37,7,30,58,0,58,110,2,108,36,6,30
2020,15/01/2021,LAMBAYEQUE,CHICLAYO,CHICLAYO,CEM CHICLAYO,122,20,102,66,48,8,8,6,2,15,7,8,9,1,8,30,1,29,51,0,51,9,5,4
2020,15/01/2021,JUNÍN,HUANCAYO,CHILCA,CEM CHILCA,289,18,271,170,95,24,7,3,4,29,11,18,27,2,25,89,0,89,117,1,116,20,1,19
2020,15/01/2021,ÁNCAsh,SANTA,CHIMBOTE,CEM CHIMBOTE,178,35,143,102,71,5,2,1,1,17,9,8,15,6,9,31,5,26,71,6,65,42,8,34
2020,15/01/2021,APurímAC,CHINCHEROS,CHINCHEROS,CEM CHINCHEROS,346,39,307,196,128,22,15,7,8,32,12,20,56,11,45,73,0,73,155,8,147,15,1,14
2020,15/01/2021,AREQUIPA,CAYLLOMA,CHIVAY,CEM CHIVAY,520,113,407,309,162,49,41,17,24,80,40,40,92,36,56,83,11,72,200,3,197,24,6,18
2020,15/01/2021,LA LIBertAD,ASCOPE,CHOCOPE,CEM CHOCOPE,112,19,93,76,26,10,10,4,6,18,7,11,20,4,16,25,1,24,35,0,35,4,3,1
2020,15/01/2021,CAJAMARCA,CHOTA,CHOTA,CEM CHOTA,172,12,160,60,89,23,2,1,1,7,3,4,23,5,18,52,1,51,73,2,71,15,0,15
2020,15/01/2021,PIURA,MORROPÓN,CHULUCANAS,CEM CHULUCANAS,184,7,177,94,65,25,1,0,1,14,2,12,23,5,18,60,0,60,80,0,80,6,0,6
2020,15/01/2021,CUSCO,CHUMBIVILCAS,SANTO TOMÁS,CEM CHUMBIVILCAS,174,13,161,60,62,52,8,3,5,18,6,12,28,3,25,46,1,45,69,0,69,5,0,5
2020,15/01/2021,APurímAC,GRAU,CHUQUIBAMBILLA,CEM CHUQUIBAMBILLA,129,17,112,49,68,12,1,1,0,15,3,12,16,2,14,26,0,26,62,8,54,9,3,6
2020,15/01/2021,HUANCAVELICA,CHURCAMPA,CHURCAMPA,CEM CHURCAMPA,107,18,89,69,30,8,14,6,8,13,6,7,24,4,20,21,1,20,28,0,28,7,1,6
2020,15/01/2021,LIMA,LIMA,COMAS,CEM COMAS,287,46,241,186,42,59,24,11,13,39,11,28,33,3,30,61,2,59,92,4,88,38,15,23
2020,15/01/2021,JUNÍN,CONCEPCIÓN,CONCEPCIÓN,CEM CONCEPCION,238,23,215,123,79,36,3,1,2,19,8,11,31,2,29,58,3,55,105,6,99,22,3,19
2020,15/01/2021,CUSCO,CUSCO,WANCHAQ,CEM CUSCO,429,68,361,255,112,62,20,8,12,63,28,35,63,21,42,83,5,78,178,4,174,22,2,20
2020,15/01/2021,LIMA,LIMA,EL AGUSTINO,CEM EL AGUSTINO,171,36,135,49,81,41,26,13,13,27,10,17,29,2,27,29,1,28,25,0,25,35,10,25
2020,15/01/2021,CUSCO,ESPINAR,ESPINAR,CEM ESPINAR,307,16,291,202,92,13,1,0,1,15,4,11,23,2,21,87,2,85,166,5,161,15,3,12
2020,15/01/2021,LAMBAYEQUE,FERREÑAFE,FERREÑAFE,CEM FERREÑAFE,60,9,51,30,15,15,3,2,1,6,3,3,15,1,14,13,0,13,16,1,15,7,2,5
2020,15/01/2021,LIMA,HUAURA,HUACHO,CEM HUACHO,222,32,190,145,52,25,15,6,9,31,20,11,31,5,26,48,0,48,80,1,79,17,0,17
2020,15/01/2021,LA LIBertAD,SÁNCHEZ CARRIÓN,HUAMACHUCO,CEM HUAMACHUCO,0,0,0,0,0,0,0,0,0,0,0,0,0,0,0,0,0,0,0,0,0,0,0,0
2020,15/01/2021,AYACUCHO,HUANCA SANCOS,SANCOS,CEM HUANCASANCOS,74,11,63,39,33,2,4,2,2,7,1,6,6,3,3,13,0,13,37,3,34,7,2,5
2020,15/01/2021,HUANCAVELICA,HUANCAVELICA,HUANCAVELICA,CEM HUANCAVELICA,191,38,153,115,66,10,25,11,14,24,16,8,22,8,14,43,1,42,66,2,64,11,0,11
2020,15/01/2021,JUNÍN,HUANCAYO,HUANCAYO,CEM HUANCAYO,659,112,547,365,228,66,56,18,38,96,48,48,105,28,77,118,5,113,215,4,211,69,9,60
2020,15/01/2021,AYACUCHO,HUANTA,HUANTA,CEM HUANTA,146,17,129,74,43,29,7,2,5,16,9,7,29,6,23,44,0,44,43,0,43,7,0,7
2020,15/01/2021,HUÁNUCO,HUÁNUCO,AMARILIS,CEM HUANUCO,375,29,346,167,115,93,24,13,11,32,7,25,77,6,71,97,0,97,121,1,120,24,2,22
2020,15/01/2021,ÁNCAsh,HUARAZ,HUARAZ,CEM HUARAZ,86,6,80,36,39,11,2,0,2,4,2,2,13,2,11,23,1,22,42,1,41,2,0,2
2020,15/01/2021,ÁNCAsh,HUARMEY,HUARMEY,CEM HUARMEY,170,25,145,79,80,11,4,1,3,8,6,2,29,9,20,46,1,45,78,5,73,5,3,2
2020,15/01/2021,LIMA,HUAROCHIRÍ,MATUCANA,CEM HUAROCHIRI,82,19,63,34,33,15,11,7,4,13,8,5,24,2,22,8,0,8,20,0,20,6,2,4
2020,15/01/2021,LIMA,LIMA,ATE,CEM HUAYCAN,99,13,86,42,37,20,4,1,3,11,5,6,18,1,17,14,0,14,40,3,37,12,3,9
2020,15/01/2021,MADRE DE DIOS,MANU,HUEPETUHE,CEM HUEPETUHE,152,18,134,88,59,5,2,2,0,13,5,8,11,3,8,54,3,51,68,5,63,4,0,4
2020,15/01/2021,MADRE DE DIOS,TAHUAMANU,IBERIA,CEM IBERIA,122,16,106,44,57,21,7,2,5,32,10,22,18,2,16,25,0,25,35,1,34,5,1,4
2020,15/01/2021,ICA,ICA,ICA,CEM ICA,130,30,100,69,46,15,5,3,2,29,13,16,11,4,7,23,1,22,47,3,44,15,6,9
2020,15/01/2021,PUNO,EL COLLAO,ILAVE,CEM ILAVE,147,13,134,64,72,11,2,1,1,5,2,3,18,6,12,27,1,26,76,0,76,19,3,16
2020,15/01/2021,LIMA,LIMA,INDEPENDENCIA,CEM INDEPENDENCIA,400,99,301,183,165,52,51,26,25,82,29,53,65,19,46,71,0,71,87,7,80,44,18,26
2020,15/01/2021,LORETO,MAYNAS,PUNCHANA,CEM IQUITOS,59,0,59,37,19,3,0,0,0,3,0,3,6,0,6,11,0,11,37,0,37,2,0,2
2020,15/01/2021,CAJAMARCA,JAÉN,JAÉN,CEM JAEN,144,12,132,78,42,24,8,4,4,11,4,7,17,4,13,36,0,36,63,0,63,9,0,9
2020,15/01/2021,JUNÍN,JAUJA,JAUJA,CEM JAUJA,176,42,134,113,47,16,20,7,13,35,16,19,19,8,11,26,1,25,59,6,53,17,4,13
2020,15/01/2021,PUNO,SAN ROMÁN,JULIACA,CEM JULIACA,265,26,239,145,92,28,10,7,3,14,6,8,35,6,29,62,2,60,131,3,128,13,2,11
2020,15/01/2021,CUSCO,LA CONVENCIÓN,KIMBIRI,CEM KIMBIRI,345,26,319,132,181,32,6,2,4,12,3,9,36,2,34,139,6,133,144,10,134,8,3,5
2020,15/01/2021,LA LIBertAD,TRUJILLO,LA ESPERANZA,CEM LA ESPERANZA,608,117,491,256,258,94,55,21,34,118,46,72,130,30,100,106,1,105,171,10,161,28,9,19
2020,15/01/2021,AYACUCHO,LA MAR,SAN MIGUEL,CEM LA MAR,152,9,143,79,52,21,2,0,2,7,2,5,31,5,26,37,0,37,63,1,62,12,1,11
2020,15/01/2021,LIMA,LIMA,SAN LUIS,CEM SAN LUIS,49,8,41,23,16,10,4,2,2,6,3,3,7,1,6,15,0,15,9,0,9,8,2,6
2020,15/01/2021,LAMBAYEQUE,LAMBAYEQUE,LAMBAYEQUE,CEM LAMBAYEQUE,127,17,110,71,44,12,8,4,4,12,3,9,16,3,13,30,1,29,55,6,49,6,0,6
2020,15/01/2021,LIMA,LIMA,LIMA,CEM LIMA,936,183,753,471,305,160,82,42,40,113,51,62,145,43,102,184,5,179,312,6,306,100,36,64
2020,15/01/2021,LIMA,LIMA,LOS OLIVOS,CEM LOS OLIVOS,266,71,195,155,56,55,28,18,10,47,21,26,58,23,35,40,0,40,78,0,78,15,9,6
2020,15/01/2021,AYACUCHO,LUCANAS,PUQUIO,CEM LUCANAS,107,26,81,69,22,16,8,4,4,21,13,8,23,8,15,12,0,12,39,0,39,4,1,3
2020,15/01/2021,MADRE DE DIOS,TAMBOPATA,TAMBOPATA,CEM MADRE DE DIOS,308,34,274,156,115,37,14,4,10,35,12,23,49,11,38,70,0,70,99,0,99,41,7,34
2020,15/01/2021,LIMA,LIMA,PACHACÁMAC,CEM MANCHAY,162,37,125,47,54,61,14,11,3,43,17,26,50,8,42,22,0,22,31,1,30,2,0,2
2020,15/01/2021,PUNO,MELGAR,AYAVIRI,CEM MELGAR,81,3,78,40,38,3,0,0,0,4,1,3,5,0,5,16,0,16,48,0,48,8,2,6
2020,15/01/2021,AREQUIPA,AREQUIPA,MIRAFLORES,CEM MIRAFLORES,1603,356,1247,988,462,153,150,65,85,233,119,114,227,70,157,257,17,240,546,27,519,190,58,132
2020,15/01/2021,MOQUEGUA,MARISCAL NIETO,MOQUEGUA,CEM MOQUEGUA,128,9,119,58,59,11,4,2,2,7,1,6,11,1,10,26,0,26,70,3,67,10,2,8
2020,15/01/2021,SAN MARTÍN,MOYOBAMBA,MOYOBAMBA,CEM MOYOBAMBA,297,38,259,155,105,37,12,4,8,46,18,28,50,8,42,63,0,63,117,4,113,9,4,5
2020,15/01/2021,ICA,NASCA,NASCA,CEM NASCA,86,16,70,42,27,17,5,3,2,16,7,9,12,5,7,20,0,20,30,0,30,3,1,2
2020,15/01/2021,LORETO,LORETO,NAUTA,CEM NAUTA,171,14,157,59,84,28,10,3,7,15,3,12,22,3,19,48,2,46,71,2,69,5,1,4
2020,15/01/2021,ÁNCASH,SANTA,NUEVO CHIMBOTE,CEM NUEVO CHIMBOTE,117,28,89,78,27,12,13,11,2,27,11,16,15,3,12,33,2,31,25,1,24,4,0,4
2020,15/01/2021,LA LIBertAD,OTUZCO,OTUZCO,CEM OTUZCO,168,17,151,59,83,26,1,1,0,10,3,7,27,1,26,50,0,50,60,3,57,20,9,11
2020,15/01/2021,PASCO,OXAPAMPA,OXAPAMPA,CEM OXAPAMPA,190,25,165,125,56,9,19,8,11,26,8,18,22,5,17,41,1,40,68,1,67,14,2,12
2020,15/01/2021,CALLAO,CALLAO,VENTANILLA,CEM PACHACUTEC,272,64,208,134,92,46,31,18,13,65,25,40,66,20,46,30,0,30,76,1,75,4,0,4
2020,15/01/2021,UCAYALI,PADRE ABAD,PADRE ABAD,CEM PADRE ABAD,143,12,131,35,60,48,9,6,3,9,3,6,33,2,31,42,0,42,45,0,45,5,1,4
2020,15/01/2021,LIMA,LIMA,SAN JUAN DE MIRAFLORES,CEM SAN JUAN DE MIRAFLORES,336,59,277,165,110,61,16,6,10,65,28,37,46,8,38,67,0,67,109,6,103,33,11,22
2020,15/01/2021,AYACUCHO,PARINACOCHAS,CORACORA,CEM PARINACOCHAS,102,17,85,44,53,5,3,2,1,11,8,3,16,2,14,24,1,23,46,3,43,2,1,1
2020,15/01/2021,PASCO,PASCO,CHAUPIMARCA,CEM PASCO,132,5,127,60,53,19,1,0,1,4,1,3,22,2,20,39,0,39,63,1,62,3,1,2
2020,15/01/2021,AYACUCHO,PAUCAR DEL SARA SARA,PAUSA,CEM PAUCAR DEL SARA SARA,114,14,100,55,41,18,9,2,7,13,6,7,18,1,17,22,0,22,32,0,32,20,5,15
2020,15/01/2021,CUSCO,LA CONVENCIÓN,PICHARI,CEM PICHARI,304,27,277,135,135,34,20,9,11,27,9,18,39,4,35,94,1,93,120,4,116,4,0,4
2020,15/01/2021,ICA,PISCO,PISCO,CEM PISCO,186,26,160,87,70,29,14,9,5,15,7,8,17,2,15,52,2,50,80,5,75,8,1,7
2020,15/01/2021,piura,piura,castilla,cem piura,389,31,358,215,125,49,12,5,7,29,8,21,48,5,43,93,2,91,188,8,180,19,3,16
2020,15/01/2021,UCAYALI,CORONEL PORTILLO,CALLERIA,CEM PUCALLPA,337,29,308,148,92,97,8,6,2,45,11,34,72,6,66,77,1,76,126,2,124,9,3,6
2020,15/01/2021,PUNO,PUNO,PUNO,CEM PUNO,327,22,305,196,104,27,4,1,3,19,7,12,35,4,31,79,3,76,155,5,150,35,2,33
2020,15/01/2021,CUSCO,LA CONVENCIÓN,SANTA ANA,CEM QUILLABAMBA,352,51,301,185,106,61,16,8,8,42,17,25,56,7,49,62,3,59,129,4,125,47,12,35
2020,15/01/2021,SAN MARTÍN,RIOJA,RIOJA,CEM RIOJA,189,23,166,77,70,42,10,4,6,30,8,22,33,5,28,57,0,57,54,1,53,5,5,0
2020,15/01/2021,LIMA,LIMA,LA MOLINA,CEM LA MOLINA,188,26,162,83,60,45,10,7,3,18,7,11,32,5,27,45,1,44,60,1,59,23,5,18
2020,15/01/2021,LIMA,LIMA,SAN JUAN DE LURIGANCHO,CEM SAN JUAN DE LURIGANCHO,266,47,219,144,69,53,34,15,19,54,22,32,43,4,39,49,3,46,75,1,74,11,2,9
2020,15/01/2021,LIMA,LIMA,SAN MARTÍN DE PORRES,CEM SAN MARTIN DE PORRES,266,48,218,121,94,51,32,16,16,42,15,27,51,13,38,43,0,43,50,2,48,48,2,46
2020,15/01/2021,LA LIBertAD,SANTIAGO DE CHUCO,SANTIAGO DE CHUCO,CEM SANTIAGO DE CHUCO,55,6,49,26,20,9,6,2,4,13,1,12,8,3,5,13,0,13,12,0,12,3,0,3
2020,15/01/2021,JUNÍN,SATIPO,SATIPO,CEM SATIPO,219,23,196,96,94,29,7,1,6,20,9,11,37,4,33,45,1,44,101,7,94,9,1,8
2020,15/01/2021,piura,sechura,sechura,cem sechura,212,7,205,99,93,20,4,1,3,16,4,12,17,1,16,82,0,82,90,0,90,3,1,2
2020,15/01/2021,CUSCO,CANCHIS,SICUANI,CEM SICUANI,153,8,145,86,54,13,2,0,2,11,3,8,13,2,11,39,0,39,73,2,71,15,1,14
2020,15/01/2021,AYACUCHO,SUCRE,QUEROBAMBA,CEM SUCRE,111,18,93,72,33,6,2,2,0,12,5,7,18,5,13,19,2,17,48,0,48,12,4,8
2020,15/01/2021,piura,sullana,sullana,cem sullana,252,43,209,145,78,29,0,0,0,18,8,10,39,13,26,67,8,59,110,3,107,18,11,7
2020,15/01/2021,LIMA,LIMA,SANTIAGO DE SURCO,CEM SURCO,217,42,175,127,57,33,18,10,8,31,11,20,43,10,33,35,3,32,72,3,69,18,5,13
2020,15/01/2021,LIMA,LIMA,SURQUILLO,CEM SURQUILLO,280,57,223,146,89,45,26,15,11,52,17,35,37,16,21,42,1,41,91,1,90,32,7,25
2020,15/01/2021,TACNA,TACNA,TACNA,CEM TACNA,275,30,245,121,72,82,11,5,6,34,14,20,42,3,39,59,2,57,108,2,106,21,4,17
2020,15/01/2021,SAN MARTÍN,SAN MARTÍN,TARAPOTO,CEM TARAPOTO,351,43,308,225,107,19,8,2,6,22,3,19,17,5,12,86,6,80,190,19,171,28,8,20
2020,15/01/2021,JUNÍN,TARMA,TARMA,CEM TARMA,110,18,92,37,42,31,7,4,3,14,9,5,20,3,17,23,1,22,38,0,38,8,1,7
2020,15/01/2021,HUANCAVELICA,TAYACAJA,PAMPAS,CEM TAYACAJA,156,24,132,52,50,54,9,4,5,24,9,15,43,9,34,30,2,28,45,0,45,5,0,5
2020,15/01/2021,HUÁNUCO,LEONCIO PRADO,RUPA-RUPA,CEM TINGO MARIA,190,23,167,91,32,67,13,5,8,19,9,10,46,1,45,42,0,42,61,3,58,9,5,4
2020,15/01/2021,SAN MARTÍN,TOCACHE,TOCACHE,CEM TOCACHE,74,6,68,26,27,21,1,0,1,8,2,6,16,0,16,21,1,20,26,3,23,2,0,2
2020,15/01/2021,LA LIBertAD,TRUJILLO,TRUJILLO,CEM TRUJILLO,679,116,563,341,248,90,68,34,34,101,39,62,98,17,81,140,4,136,214,7,207,58,15,43
2020,15/01/2021,TUMBES,TUMBES,TUMBES,CEM TUMBES,208,35,173,125,71,12,16,6,10,32,17,15,24,11,13,47,1,46,82,0,82,7,0,7
2020,15/01/2021,AMAZONAS,UTCUBAMBA,BAGUA GRANDE,CEM UTCUBAMBA,255,41,214,87,119,49,17,8,9,31,16,15,53,11,42,53,0,53,93,4,89,8,2,6
2020,15/01/2021,CALLAO,CALLAO,VENTANILLA,CEM VENTANILLA,325,61,264,160,95,70,34,20,14,53,21,32,82,11,71,43,0,43,86,1,85,27,8,19
2020,15/01/2021,AYACUCHO,VILCAS HUAMÁN,VILCAS HUAMÁN,CEM VILCAS HUAMAN,121,17,104,75,38,8,10,6,4,9,4,5,10,2,8,28,1,27,52,3,49,12,1,11
2020,15/01/2021,LIMA,LIMA,VILLA EL SALVADOR,CEM VILLA EL SALVADOR,2218,411,1807,1210,789,219,183,92,91,276,106,170,314,80,234,458,19,439,808,65,743,179,49,130
2020,15/01/2021,LIMA,LIMA,VILLA MARÍA DEL TRIUNFO,CEM VILLA MARIA DEL TRIUNFO,704,196,508,356,277,71,119,52,67,150,75,75,136,38,98,72,3,69,160,4,156,67,24,43
2020,15/01/2021,PASCO,OXAPAMPA,VILLA RICA,CEM VILLA RICA,202,33,169,71,92,39,8,6,2,27,11,16,30,7,23,50,1,49,77,6,71,10,2,8
2020,15/01/2021,JUNÍN,YAULI,LA OROYA,CEM YAULI,91,13,78,72,13,6,2,0,2,6,5,1,14,4,10,21,1,20,46,2,44,2,1,1
2020,15/01/2021,LIMA,YAUYOS,YAUYOS,CEM YAUYOS,50,8,42,18,28,4,0,0,0,3,0,3,5,2,3,6,0,6,25,1,24,11,5,6
2020,15/01/2021,LORETO,ALTO AMAZONAS,YURIMAGUAS,CEM YURIMAGUAS,118,13,105,64,46,8,1,0,1,11,4,7,10,2,8,27,2,25,68,5,63,1,0,1
2020,15/01/2021,PUNO,AZÁNGARO,AZÁNGARO,CEM AZANGARO,123,15,108,98,19,6,3,3,0,7,1,6,11,4,7,30,0,30,58,3,55,14,4,10
2020,15/01/2021,CALLAO,CALLAO,CARMEN DE LA LEGUA REYNOSO,CEM CARMEN DE LA LEGUA,347,92,255,196,109,42,23,11,12,38,25,13,55,15,40,64,3,61,90,6,84,77,32,45
2020,15/01/2021,JUNÍN,CHUPACA,CHUPACA,CEM CHUPACA,216,44,172,75,105,36,32,17,15,44,13,31,50,11,39,32,0,32,44,0,44,14,3,11
2020,15/01/2021,LA LIBertAD,PACASMAYO,SAN PEDRO DE LLOC,CEM PACASMAYO,163,23,140,87,63,13,12,3,9,27,9,18,33,9,24,22,1,21,57,1,56,12,0,12
2020,15/01/2021,CAJAMARCA,SAN IGNACIO,SAN IGANCIO,CEM SAN IGNACIO,247,22,225,110,72,65,6,2,4,32,10,22,51,4,47,62,0,62,89,2,87,7,4,3
2020,15/01/2021,AYACUCHO,VÍCTOR FAJARDO,HUANCAPI,CEM VÍCTOR FAJARDO,101,11,90,49,39,13,9,2,7,10,1,9,14,5,9,23,1,22,37,1,36,8,1,7
2020,15/01/2021,AMAZONAS,LUYA,LAMUD,CEM LUYA,153,16,137,72,56,25,7,3,4,22,5,17,28,4,24,36,0,36,53,2,51,7,2,5
2020,15/01/2021,LIMA,LIMA,PUENTE PIEDRA,CEM PUENTE PIEDRA,498,106,392,219,195,84,53,28,25,96,42,54,94,15,79,94,5,89,135,5,130,26,11,15
2020,15/01/2021,PUNO,CHUCUITO,JULI,CEM CHUCUITO,163,13,150,46,103,14,6,3,3,9,5,4,19,3,16,43,0,43,74,1,73,12,1,11
2020,15/01/2021,LIMA,HUARAL,HUARAL,CEM HUARAL,316,26,290,163,126,27,3,1,2,29,12,17,36,3,33,88,0,88,143,4,139,17,6,11
2020,15/01/2021,SAN MARTÍN,LAMAS,LAMAS,CEM LAMAS,316,59,257,158,103,55,33,17,16,42,14,28,74,22,52,59,2,57,99,2,97,9,2,7
2020,15/01/2021,HUÁNUCO,HUAMALÍES,LLATA,CEM HUAMALIES,159,20,139,63,70,26,6,3,3,13,7,6,20,3,17,45,1,44,69,3,66,6,3,3
2020,15/01/2021,CUSCO,QUISPICANCHI,URCOS,CEM QUISPICANCHI,232,27,205,137,65,30,5,3,2,22,13,9,28,5,23,53,0,53,113,5,108,11,1,10
2020,15/01/2021,piura,paita,paita,cem paita,329,16,313,159,100,70,3,0,3,29,7,22,43,4,39,94,3,91,150,1,149,10,1,9
2020,15/01/2021,ÁNCAsh,YUNGAY,YUNGAY,CEM YUNGAY,76,11,65,32,31,13,7,3,4,4,1,3,18,7,11,17,0,17,24,0,24,6,0,6
2020,15/01/2021,ÁNCAsh,HUARI,HUARI,CEM HUARI,138,21,117,35,89,14,18,9,9,25,9,16,13,2,11,33,0,33,44,0,44,5,1,4
2020,15/01/2021,MOQUEGUA,ILO,ILO,CEM ILO,204,25,179,109,71,24,14,8,6,13,6,7,27,6,21,38,0,38,97,1,96,15,4,11
2020,15/01/2021,piura,talara,pariñas,cem talara,389,35,354,180,166,43,18,4,14,24,7,17,49,12,37,112,2,110,174,9,165,12,1,11
2020,15/01/2021,piura,huancabamba,huancabamba,cem huancabamba,197,21,176,90,80,27,3,2,1,18,6,12,30,5,25,47,1,46,82,1,81,17,6,11
2020,15/01/2021,HUÁNUCO,PACHITEA,PANAO,CEM PACHITEA,103,6,97,47,42,14,5,0,5,9,2,7,23,3,20,29,0,29,37,1,36,0,0,0
2020,15/01/2021,HUANCAVELICA,ANGARAES,LIRCAY,CEM ANGARAES,148,5,143,63,76,9,4,0,4,10,1,9,17,1,16,38,1,37,66,1,65,13,1,12
2020,15/01/2021,CAJAMARCA,CUTERVO,CUTERVO,CEM CUTERVO,236,13,223,75,110,51,7,1,6,37,4,33,30,3,27,66,0,66,85,2,83,11,3,8
2020,15/01/2021,LA LIBertAD,CHEPÉN,CHEPÉN,CEM CHEPEN,230,30,200,73,94,63,8,4,4,22,5,17,50,3,47,45,1,44,82,3,79,23,14,9
2020,15/01/2021,CAJAMARCA,HUALGAYOC,BAMBAMARCA,CEM HUALGAYOC,145,27,118,59,75,11,10,5,5,15,7,8,11,2,9,34,0,34,50,1,49,25,12,13
2020,15/01/2021,LORETO,MARISCAL RAMÓN CASTILLA,RAMÓN CASTILLA,CEM CABALLO COCHA,104,9,95,30,61,13,2,1,1,11,6,5,15,1,14,30,0,30,43,0,43,3,1,2
2020,15/01/2021,AREQUIPA,ISLAY,MOLLENDO,CEM ISLAY,244,24,220,165,65,14,2,1,1,14,7,7,21,7,14,64,0,64,122,3,119,21,6,15
2020,15/01/2021,LA LIBertAD,VIRÚ,VIRÚ,CEM VIRU,133,17,116,38,47,48,5,1,4,23,9,14,31,4,27,39,2,37,33,0,33,2,1,1
2020,15/01/2021,ICA,CHINCHA,PUEBLO NUEVO,CEM PUEBLO NUEVO,183,15,168,94,70,19,4,1,3,17,5,12,27,3,24,45,1,44,86,5,81,4,0,4
2020,15/01/2021,ÁNCAsh,CASMA,CASMA,CEM CASMA,136,41,95,73,48,15,23,13,10,21,17,4,34,5,29,24,0,24,21,2,19,13,4,9
2020,15/01/2021,PUNO,SAN ANTONIO DE PUTINA,PUTINA,CEM SAN ANTONIO DE PUTINA,112,9,103,49,54,9,2,0,2,11,4,7,13,2,11,34,0,34,48,1,47,4,2,2
2020,15/01/2021,LIMA,LIMA,RÍMAC,CEM RÍMAC,324,78,246,119,143,62,34,17,17,77,27,50,74,15,59,32,1,31,70,4,66,37,14,23
2020,15/01/2021,CUSCO,ANTA,ANTA,CEM ANTA,317,50,267,141,150,26,8,8,0,31,15,16,36,6,30,57,3,54,143,5,138,42,13,29
2020,15/01/2021,TACNA,CANDARAVE,CANDARAVE,CEM CANDARAVE,104,17,87,72,21,11,2,1,1,12,5,7,22,6,16,9,0,9,39,2,37,20,3,17
2020,15/01/2021,CAJAMARCA,CAJABAMBA,CAJABAMBA,CEM CAJABAMBA,190,31,159,112,66,12,2,1,1,11,4,7,24,2,22,40,6,34,85,7,78,28,11,17
2020,15/01/2021,APurímAC,COTABAMBAS,TAMBOBAMBA,CEM COTABAMBAS,147,12,135,35,87,25,10,4,6,17,6,11,27,1,26,48,0,48,45,1,44,0,0,0
2020,15/01/2021,PUNO,CARABAYA,MACUSANI,CEM CARABAYA,161,14,147,55,87,19,7,4,3,17,7,10,22,3,19,41,0,41,70,0,70,4,0,4
2020,15/01/2021,PUNO,SANDIA,SANDIA,CEM SANDIA,59,9,50,14,36,9,3,2,1,12,4,8,4,1,3,15,0,15,20,2,18,5,0,5
2020,15/01/2021,LORETO,DATEM DEL MARAÑON,BARRANCA,CEM DATEM DEL MARAÑON,134,11,123,36,69,29,1,0,1,10,4,6,35,1,34,27,0,27,59,4,55,2,2,0
2020,15/01/2021,CUSCO,URUBAMBA,URUBAMBA,CEM URUBAMBA,175,17,158,120,47,8,2,1,1,9,4,5,22,4,18,34,1,33,96,4,92,12,3,9
2020,15/01/2021,JUNÍN,JUNÍN,JUNÍN,CEM JUNIN,83,9,74,31,35,17,3,1,2,5,1,4,17,1,16,25,2,23,29,3,26,4,1,3
2020,15/01/2021,LIMA,BARRANCA,BARRANCA,CEM BARRANCA,198,17,181,84,81,33,9,3,6,15,6,9,27,2,25,51,2,49,84,3,81,12,1,11
2020,15/01/2021,AMAZONAS,CONDORCANQUI,NIEVA,CEM CONDORCANQUI,202,24,178,72,80,50,19,8,11,26,10,16,40,3,37,65,1,64,50,1,49,2,1,1
2020,15/01/2021,HUÁNUCO,DOS DE MAYO,LA UNIÓN,CEM DOS DE MAYO,174,20,154,77,76,21,14,3,11,18,9,9,26,5,21,42,2,40,67,1,66,7,0,7
2020,15/01/2021,PUNO,HUANCANÉ,HUANCANÉ,CEM HUANCANE,160,13,147,57,91,12,0,0,0,13,8,5,20,2,18,41,0,41,68,1,67,18,2,16
2020,15/01/2021,ÁNCAsh,HUAYLAS,CARAZ,CEM HUAYLAS,132,15,117,64,47,21,6,5,1,5,3,2,25,3,22,34,0,34,52,3,49,10,1,9
2020,15/01/2021,HUANCAVELICA,HUAYTARA,HUAYTARA,CEM HUAYTARA,80,28,52,49,24,7,10,6,4,16,12,4,18,10,8,15,0,15,18,0,18,3,0,3
2020,15/01/2021,PUNO,LAMPA,LAMPA,CEM LAMPA,154,44,110,94,48,12,21,12,9,24,12,12,27,10,17,14,0,14,50,3,47,18,7,11
2020,15/01/2021,UCAYALI,ATALAYA,RAYMONDI,CEM ATALAYA,180,4,176,69,85,26,4,0,4,15,2,13,22,0,22,72,0,72,65,2,63,2,0,2
2020,15/01/2021,ÁNCAsh,CARHUAZ,CARHUAZ,CEM CARHUAZ,116,8,108,43,53,20,1,1,0,8,4,4,18,2,16,31,0,31,51,0,51,7,1,6
2020,15/01/2021,CAJAMARCA,CELENDÍN,CELENDÍN,CEM CELENDÍN,92,8,84,41,30,21,2,2,0,7,3,4,17,0,17,21,0,21,39,1,38,6,2,4
2020,15/01/2021,LORETO,REQUENA,REQUENA,CEM REQUENA,95,7,88,54,34,7,0,0,0,3,1,2,11,1,10,36,0,36,40,4,36,5,1,4
2020,15/01/2021,SAN MARTÍN,MARISCAL CÁCERES,JUANJUI,CEM MARISCAL CÁCERES,145,21,124,69,48,28,7,4,3,18,9,9,31,5,26,37,1,36,49,2,47,3,0,3
2020,15/01/2021,SAN MARTÍN,BELLAVISTA,BELLAVISTA,CEM BELLAVISTA-SAN MARTIN,334,48,286,156,120,58,40,17,23,62,22,40,55,5,50,75,1,74,91,1,90,11,2,9
2020,15/01/2021,PASCO,DANIEL ALCIDES CARRIÓN,YANAHUANCA,CEM DANIEL ALCIDES CARRION,109,12,97,45,44,20,5,3,2,10,4,6,13,2,11,26,2,24,42,0,42,13,1,12
2020,15/01/2021,TACNA,JORGE BASADRE,LOCUMBA,CEM JORGE BASADRE,58,13,45,47,10,1,4,3,1,10,4,6,6,2,4,10,1,9,25,2,23,3,1,2
2020,15/01/2021,TUMBES,ZARUMILLA,ZARUMILLA,CEM ZARUMILLA,469,57,412,271,183,15,19,11,8,41,18,23,55,11,44,149,6,143,194,7,187,11,4,7
2020,15/01/2021,JUNÍN,SATIPO,PANGOA,CEM PANGOA,200,47,153,96,56,48,9,6,3,36,13,23,49,9,40,33,2,31,65,12,53,8,5,3
2020,15/01/2021,AYACUCHO,HUANTA,SIVIA,CEM SIVIA,135,21,114,73,53,9,20,5,15,14,9,5,21,7,14,30,0,30,45,0,45,5,0,5
2020,15/01/2021,CUSCO,CALCA,CALCA,CEM CALCA,262,22,240,133,102,27,5,1,4,20,11,9,40,7,33,54,0,54,126,2,124,17,1,16
2020,15/01/2021,LA LIBertAD,GRAN CHIMU,CASCAS,CEM GRAN CHIMU,82,9,73,42,30,10,4,3,1,4,3,1,18,1,17,18,0,18,33,0,33,5,2,3
2020,15/01/2021,ICA,ICA,SANTIAGO,CEM SANTIAGO,126,41,85,24,81,21,11,8,3,22,5,17,23,7,16,7,0,7,23,1,22,40,20,20
2020,15/01/2021,ICA,ICA,LA TINGUIÑA,CEM LA TINGUIÑA,243,48,195,139,78,26,16,10,6,35,15,20,29,8,21,49,1,48,98,8,90,16,6,10
2020,15/01/2021,HUANCAVELICA,CASTROVIRREYNA,CASTROVIRREYNA,CEM CASTROVIRREYNA,155,61,94,82,64,9,25,15,10,49,30,19,32,13,19,16,1,15,28,1,27,5,1,4
2020,15/01/2021,CAJAMARCA,CONTUMAZA,CONTUMAZA,CEM CONTUMAZA,88,6,82,42,37,9,2,1,1,9,3,6,16,0,16,17,0,17,38,1,37,6,1,5
2020,15/01/2021,HUÁNUCO,PUERTO INCA,PUERTO INCA,CEM PUERTO INCA,223,21,202,69,107,47,11,5,6,32,9,23,54,3,51,49,1,48,76,3,73,1,0,1
2020,15/01/2021,LORETO,UCAYALI,CONTAMANA,CEM UCAYALI,147,8,139,23,98,26,5,2,3,10,2,8,27,1,26,45,1,44,56,1,55,4,1,3
2020,15/01/2021,CUSCO,PAUCARTAMBO,PAUCARTAMBO,CEM PAUCARTAMBO,255,56,199,102,131,22,25,16,9,42,25,17,41,8,33,57,1,56,82,6,76,8,0,8
2020,15/01/2021,SAN MARTÍN,PICOTA,PICOTA,CEM PICOTA,102,22,80,56,37,9,11,6,5,23,11,12,11,4,7,23,0,23,32,1,31,2,0,2
2020,15/01/2021,LA LIBertAD,PATAZ,TAYABAMBA,CEM PATAZ,144,6,138,40,68,36,9,0,9,17,4,13,26,0,26,36,1,35,44,0,44,12,1,11
2020,15/01/2021,HUÁNUCO,LAURICOCHA,JESÚS,CEM LAURICOCHA,145,13,132,63,65,17,5,3,2,8,3,5,18,5,13,36,1,35,63,0,63,15,1,14
2020,15/01/2021,CUSCO,CANAS,YANAOCA,CEM CANAS,132,7,125,43,71,18,4,0,4,4,1,3,17,1,16,31,0,31,67,3,64,9,2,7
2020,15/01/2021,AMAZONAS,RODRÍGUEZ DE MENDOZA,SAN NICOLAS,CEM RODRÍGUEZ DE MENDOZA,167,18,149,74,65,28,4,1,3,13,6,7,23,8,15,42,0,42,65,2,63,20,1,19
2020,15/01/2021,MOQUEGUA,GENERAL SÁNCHEZ CERRO,OMATE,CEM GENERAL SANCHEZ CERRO,66,11,55,23,30,13,6,3,3,6,0,6,11,0,11,10,0,10,19,2,17,14,6,8
2020,15/01/2021,HUÁNUCO,YAROWILCA,CHAVINILLO,CEM YAROWILCA,93,17,76,42,30,21,3,3,0,12,5,7,19,3,16,17,0,17,34,3,31,8,3,5
2020,15/01/2021,LA LIBertAD,JULCÁN,JULCÁN,CEM JULCÁN,29,2,27,7,14,8,2,2,0,0,0,0,9,0,9,5,0,5,12,0,12,1,0,1
2020,15/01/2021,SAN MARTÍN,EL DORADO,SAN JOSÉ DE SISA,CEM EL DORADO,140,30,110,71,48,21,19,9,10,23,10,13,23,9,14,24,0,24,47,1,46,4,1,3
2020,15/01/2021,CAJAMARCA,SAN MIGUEL,SAN MIGUEL,CEM SAN MIGUEL,117,10,107,50,54,13,2,1,1,8,2,6,23,6,17,30,0,30,50,0,50,4,1,3
2020,15/01/2021,CAJAMARCA,SAN MARCOS,PEDRO GALVEZ,CEM SAN MARCOS,158,22,136,91,55,12,4,1,3,20,9,11,25,5,20,22,2,20,80,3,77,7,2,5
2020,15/01/2021,AREQUIPA,CASTILLA,APLAO,CEM CASTILLA,102,10,92,60,34,8,8,2,6,8,2,6,13,2,11,15,1,14,47,2,45,11,1,10
2020,15/01/2021,AREQUIPA,CARAVELI,CARAVELI,CEM CARAVELI,105,5,100,33,49,23,0,0,0,10,3,7,13,0,13,37,0,37,37,1,36,8,1,7
2020,15/01/2021,ÁNCAsh,BOLOGNESI,CHIQUIAN,CEM BOLOGNESI,113,21,92,38,55,20,12,7,5,12,5,7,15,0,15,29,1,28,33,3,30,12,5,7
2020,15/01/2021,ÁNCAsh,SIHUAS,SIHUAS,CEM SIHUAS,119,11,108,52,57,10,4,1,3,12,5,7,17,1,16,28,1,27,52,1,51,6,2,4
2020,15/01/2021,ÁNCAsh,PALLASCA,CABANA,CEM PALLASCA,98,15,83,58,27,13,16,7,9,17,3,14,21,4,17,17,0,17,23,0,23,4,1,3
2020,15/01/2021,LA LIBertAD,TRUJILLO,EL PORVENIR,CEM EL PORVENIR,710,122,588,388,234,88,71,34,37,120,49,71,124,20,104,155,3,152,209,3,206,31,13,18
2020,15/01/2021,CUSCO,LA CONVENCIÓN,ECHARATE,CEM ECHARATI,184,14,170,78,44,62,9,5,4,19,4,15,52,2,50,43,2,41,59,1,58,2,0,2
2020,15/01/2021,ÁNCASH,MARISCAL LUZURIAGA,PISCOBAMBA,CEM MARISCAL LUZURIAGA,72,17,55,44,23,5,8,5,3,11,7,4,7,1,6,16,0,16,23,2,21,7,2,5
2020,15/01/2021,AREQUIPA,CONDESUYOS,CHUQUIBAMBA,CEM CONDESUYOS,44,8,36,32,5,7,3,2,1,7,3,4,8,0,8,7,0,7,18,3,15,1,0,1
2020,15/01/2021,SAN MARTÍN,HUALLAGA,SAPOSOA,CEM HUALLAGA,160,14,146,76,52,32,5,2,3,12,2,10,38,2,36,34,1,33,64,5,59,7,2,5
2020,15/01/2021,PUNO,YUNGUYO,YUNGUYO,CEM YUNGUYO,100,14,86,44,48,8,8,6,2,11,1,10,16,5,11,13,0,13,42,1,41,10,1,9
2020,15/01/2021,APURÍMAC,AYMARAES,CHALHUANCA,CEM AYMARAES,112,7,105,44,56,12,2,0,2,7,2,5,8,2,6,21,0,21,64,3,61,10,0,10
2020,15/01/2021,ÁNCAsh,ASUNCIÓN,CHACAS,CEM ASUNCION,95,26,69,74,18,3,7,5,2,20,12,8,19,3,16,11,2,9,34,3,31,4,1,3
2020,15/01/2021,CAJAMARCA,SAN PABLO,SAN PABLO,CEM SAN PABLO,94,19,75,47,43,4,9,7,2,7,3,4,14,2,12,18,0,18,34,2,32,12,5,7
2020,15/01/2021,LIMA,OYÓN,OYÓN,CEM OYON,73,8,65,55,11,7,4,0,4,5,5,0,8,0,8,6,1,5,40,0,40,10,2,8
2020,15/01/2021,CUSCO,ACOMAYO,ACOMAYO,CEM ACOMAYO,153,11,142,74,56,23,1,1,0,7,2,5,25,3,22,31,0,31,70,4,66,19,1,18
2020,15/01/2021,HUÁNUCO,MARAÑON,HUACRACHUCO,CEM MARAÑON,40,5,35,19,15,6,0,0,0,3,0,3,7,3,4,12,0,12,12,1,11,6,1,5
2020,15/01/2021,LIMA,LIMA,SANTA ROSA,CEM SANTA ROSA,92,18,74,62,17,13,6,0,6,27,13,14,10,4,6,19,0,19,24,0,24,6,1,5
2020,15/01/2021,ÁNCAsh,POMABAMBA,POMABAMBA,CEM POMABAMBA,99,11,88,44,43,12,2,1,1,16,5,11,14,4,10,16,0,16,43,0,43,8,1,7
2020,15/01/2021,TACNA,TARATA,TARATA,CEM TARATA,126,34,92,92,28,6,23,11,12,20,7,13,24,12,12,16,0,16,29,1,28,14,3,11
2020,15/01/2021,TUMBES,CONTRALMIRANTE VILLAR,ZORRITOS,CEM CONTRALMIRANTE VILLAR,116,32,84,79,23,14,15,9,6,27,12,15,21,10,11,31,0,31,21,1,20,1,0,1
2020,15/01/2021,LIMA,CANTA,CANTA,CEM CANTA,64,15,49,28,29,7,2,1,1,9,4,5,9,4,5,6,0,6,29,1,28,9,5,4
2020,15/01/2021,ICA,PALPA,PALPA,CEM PALPA,114,30,84,66,39,9,17,5,12,21,10,11,27,9,18,17,2,15,26,0,26,6,4,2
2020,15/01/2021,PUNO,MOHO,MOHO,CEM MOHO,88,7,81,44,40,4,0,0,0,2,2,0,4,0,4,21,2,19,51,1,50,10,2,8
2020,15/01/2021,HUÁNUCO,HUACAYBAMBA,HUACAYBAMBA,CEM HUACAYBAMBA,97,5,92,50,31,16,2,1,1,8,1,7,15,0,15,27,0,27,39,3,36,6,0,6
2020,15/01/2021,LIMA,CAJATAMBO,CAJATAMBO,CEM CAJATAMBO,36,2,34,9,21,6,0,0,0,3,0,3,6,1,5,8,0,8,13,0,13,6,1,5
2020,15/01/2021,ÁNCAsh,CARLOS FERMIN FITZCARRALD,SAN LUIS,CEM CARLOS FERMIN FITZCARRALD,85,15,70,31,48,6,8,4,4,6,5,1,10,2,8,26,0,26,33,4,29,2,0,2
2020,15/01/2021,ÁNCAsh,ANTONIO RAYMONDI,LLAMELLIN,CEM ANTONIO RAYMONDI,95,20,75,58,28,9,1,0,1,12,7,5,14,2,12,19,0,19,36,5,31,13,6,7
2020,15/01/2021,CAJAMARCA,SANTA CRUZ,SANTA CRUZ,CEM SANTA CRUZ,75,4,71,22,34,19,0,0,0,3,1,2,13,1,12,19,0,19,37,1,36,3,1,2
2020,15/01/2021,AREQUIPA,LA UNIÓN,COTAHUASI,CEM LA UNIÓN,102,8,94,36,50,16,5,3,2,8,3,5,17,1,16,11,0,11,52,0,52,9,1,8
2020,15/01/2021,LIMA,LIMA,LURIGANCHO,CEM CHOSICA,183,43,140,72,75,36,26,12,14,42,19,23,39,9,30,25,1,24,41,1,40,10,1,9
2020,15/01/2021,LIMA,LIMA,CIENEGUILLA,CEM CIENEGUILLA,159,34,125,46,80,33,28,12,16,27,10,17,46,10,36,29,2,27,22,0,22,7,0,7
2020,15/01/2021,ÁNCAsh,RECUAY,RECUAY,CEM RECUAY,58,9,49,28,27,3,1,1,0,8,4,4,10,3,7,10,1,9,25,0,25,4,0,4
2020,15/01/2021,LORETO,MAYNAS,NAPO,CEM NAPO,43,12,31,19,21,3,7,6,1,10,4,6,8,1,7,7,1,6,9,0,9,2,0,2
2020,15/01/2021,ÁNCAsh,AIJA,AIJA,CEM AIJA,77,22,55,54,16,7,8,4,4,12,5,7,20,8,12,6,2,4,30,2,28,1,1,0
2020,15/01/2021,ÁNCAsh,OCROS,OCROS,CEM OCROS,47,10,37,32,10,5,8,2,6,5,4,1,7,2,5,9,0,9,16,1,15,2,1,1
2020,15/01/2021,LA LIBertAD,BOLIVAR,BOLIVAR,CEM BOLIVAR,41,4,37,12,25,4,6,3,3,3,0,3,8,1,7,6,0,6,15,0,15,3,0,3
2020,15/01/2021,CUSCO,PARURO,PARURO,CEM PARURO,266,37,229,134,105,27,4,1,3,30,8,22,33,8,25,55,4,51,133,13,120,11,3,8
2020,15/01/2021,UCAYALI,PURÚS,PURÚS,CEM PURUS,27,8,19,11,13,3,6,4,2,1,1,0,7,0,7,5,1,4,8,2,6,0,0,0
2020,15/01/2021,AMAZONAS,BONGARÁ,JUMBILLA,CEM BONGARÁ,128,8,120,67,48,13,6,1,5,7,1,6,20,4,16,35,1,34,52,1,51,8,0,8
2020,15/01/2021,LORETO,PUTUMAYO,PUTUMAYO,CEM PUTUMAYO,52,10,42,32,13,7,4,2,2,11,3,8,15,5,10,7,0,7,14,0,14,1,0,1
2020,15/01/2021,ÁNCAsh,CORONGO,CORONGO,CEM CORONGO,54,10,44,24,18,12,5,2,3,6,3,3,19,4,15,5,0,5,17,0,17,2,1,1
2020,15/01/2021,JUNÍN,CHANCHAMAYO,PICHANAQUI,CEM PICHANAQUI,172,15,157,64,77,31,6,3,3,10,3,7,36,6,30,45,1,44,73,2,71,2,0,2
2020,15/01/2021,LIMA,LIMA,SAN JUAN DE LURIGANCHO,CEM ZARATE,0,0,0,0,0,0,0,0,0,0,0,0,0,0,0,0,0,0,0,0,0,0,0,0
2020,15/01/2021,CUSCO,CUSCO,SAN SEBASTIÁN,CEM SAN SEBASTIÁN,223,53,170,165,49,9,19,10,9,40,22,18,29,14,15,39,2,37,85,4,81,11,1,10
2020,15/01/2021,AREQUIPA,CAYLLOMA,MAJES,CEM MAJES,152,13,139,86,44,22,5,4,1,14,3,11,27,6,21,32,0,32,69,0,69,5,0,5
2020,15/01/2021,AREQUIPA,AREQUIPA,JACOBO HUNTER,CEM JACOBO HUNTER,308,77,231,201,84,23,31,19,12,72,32,40,38,16,22,42,0,42,95,6,89,30,4,26
2020,15/01/2021,LA LIBERTAD,TRUJILLO,FLORENCIA DE MORA,CEM FLORENCIA DE MORA,149,40,109,91,45,13,26,18,8,27,14,13,21,7,14,21,0,21,41,1,40,13,0,13
2020,15/01/2021,LIMA,LIMA,LA VÍCTORIA,CEM LA VÍCTORIA,296,75,221,159,97,40,32,19,13,62,21,41,40,14,26,30,1,29,93,9,84,39,11,28
2020,15/01/2021,LIMA,LIMA,SAN MIGUEL,CEM SAN MIGUEL - LIMA,262,73,189,130,95,37,21,6,15,52,30,22,16,7,9,35,3,32,89,11,78,49,16,33
2020,15/01/2021,MADRE DE DIOS,TAMBOPATA,INAMBARI,CEM INAMBARI,141,17,124,50,61,30,5,3,2,16,6,10,26,4,22,40,0,40,50,3,47,4,1,3
2020,15/01/2021,CUSCO,CUSCO,SAYLLA,CEM SAYLLA,98,12,86,78,17,3,2,2,0,14,3,11,13,5,8,24,1,23,43,1,42,2,0,2
2020,15/01/2021,LORETO,MAYNAS,SAN JUAN BAUTISTA,CEM SAN JUAN BAUTISTA,175,16,159,95,48,32,2,2,0,15,3,12,32,7,25,31,1,30,88,1,87,7,2,5
2020,15/01/2021,AREQUIPA,AREQUIPA,CERRO COLORADO,CEM COMISARÍA CERRO COLORADO,1103,203,900,576,359,168,101,42,59,182,67,115,222,59,163,177,3,174,341,6,335,80,26,54
2020,15/01/2021,LAMBAYEQUE,CHICLAYO,JOSE LEONARDO ORTIZ,CEM COMISARÍA JOSE LEONARDO ORTIZ,377,29,348,162,171,44,8,6,2,30,8,22,56,8,48,109,2,107,160,4,156,14,1,13
2020,15/01/2021,LA LIBertAD,TRUJILLO,HUANCHACO,CEM COMISARÍA EL MILAGRO,312,52,260,136,151,25,25,13,12,46,16,30,50,14,36,77,1,76,108,7,101,6,1,5
2020,15/01/2021,LIMA,CAÑETE,IMPERIAL,CEM COMISARÍA IMPERIAL,433,49,384,213,205,15,15,7,8,39,16,23,39,8,31,140,3,137,179,10,169,21,5,16
2020,15/01/2021,LIMA,LIMA,VILLA MARIA DEL TRIUNFO,CEM COMISARÍA VILLA MARIA DEL TRIUNFO,1280,279,1001,620,481,179,96,48,48,199,83,116,222,68,154,241,15,226,390,25,365,132,40,92
2020,15/01/2021,AYACUCHO,HUAMANGA,CARMEN ALTO,CEM COMISARÍA CARMEN ALTO,351,30,321,95,211,45,7,4,3,22,5,17,50,7,43,126,3,123,128,5,123,18,6,12
2020,15/01/2021,AYACUCHO,HUANTA,HUANTA,CEM COMISARÍA HUANTA,472,53,419,206,208,58,20,7,13,40,17,23,82,15,67,129,2,127,172,6,166,29,6,23
2020,15/01/2021,LIMA,LIMA,CHORRILLOS,CEM COMISARÍA CHORRILLOS,1087,237,850,554,419,114,94,43,51,162,78,84,169,55,114,193,8,185,349,19,330,120,34,86
2020,15/01/2021,TACNA,TACNA,CIUDAD NUEVA,CEM COMISARÍA CIUDAD NUEVA,429,46,383,175,198,56,18,8,10,33,16,17,47,8,39,104,2,102,199,8,191,28,4,24
2020,15/01/2021,LIMA,LIMA,SANTIAGO DE SURCO,CEM COMISARÍA SAGITARIO,369,56,313,233,81,55,29,14,15,41,16,25,63,11,52,68,2,66,131,4,127,37,9,28
2020,15/01/2021,LIMA,LIMA,SAN JUAN DE LURIGANCHO,CEM COMISARÍA CANTO REY,444,69,375,206,181,57,28,10,18,54,32,22,56,14,42,112,3,109,180,6,174,14,4,10
2020,15/01/2021,CalLAO,CALLAO,CARMEN DE LA LEGUA,CEM COMISARÍA CARMEN DE LA LEGUA REYNOSO,226,50,176,113,79,34,29,18,11,26,15,11,22,6,16,61,1,60,72,6,66,16,4,12
2020,15/01/2021,CAJAMARCA,CAJAMARCA,CAJAMARCA,CEM COMISARÍA DE FAMILIA CAJAMARCA,545,62,483,260,256,29,9,4,5,11,4,7,55,11,44,178,5,173,249,24,225,43,14,29
2020,15/01/2021,CUSCO,CUSCO,WANCHAQ,CEM COMISARÍA DE FAMILIA CUSCO,431,80,351,257,162,12,15,9,6,63,26,37,45,13,32,79,5,74,190,17,173,39,10,29
2020,15/01/2021,LIMA,LIMA,EL AGUSTINO,CEM COMISARÍA DE FAMILIA EL AGUSTINO,460,57,403,200,221,39,21,7,14,46,18,28,48,11,37,114,4,110,196,8,188,35,9,26
2020,15/01/2021,JUNÍN,HUANCAYO,HUANCAYO,CEM COMISARÍA HUANCAYO,658,63,595,313,264,81,18,9,9,38,12,26,79,9,70,185,2,183,269,7,262,69,24,45
2020,15/01/2021,LORETO,MAYNAS,IQUITOS,CEM COMISARÍA IQUITOS,401,34,367,176,147,78,6,3,3,30,10,20,46,9,37,126,1,125,162,4,158,31,7,24
2020,15/01/2021,LIMA,LIMA,LOS OLIVOS,CEM COMISARÍA LAURA CALLER,904,123,781,534,268,102,62,28,34,102,46,56,109,25,84,226,7,219,336,8,328,69,9,60
2020,15/01/2021,LIMA,LIMA,SAN MARTIN DE PORRES,CEM COMISARÍA SAN MARTIN DE PORRES,562,89,473,357,172,33,27,13,14,47,23,24,41,7,34,120,3,117,251,23,228,76,20,56
2020,15/01/2021,LIMA,LIMA,CARABAYLLO,CEM COMISARÍA SAN PEDRO DE CARABAYLLO,386,69,317,162,153,71,39,20,19,61,25,36,82,16,66,76,2,74,114,1,113,14,5,9
2020,15/01/2021,CAJAMARCA,CAJAMARCA,ASUNCION,CEM COMISARÍA ASUNCIÓN,62,11,51,17,39,6,1,0,1,4,3,1,9,0,9,13,0,13,29,4,25,6,4,2
2020,15/01/2021,LIMA,LIMA,COMAS,CEM COMISARÍA DE FAMILIA COLLIQUE,562,78,484,284,206,72,36,16,20,58,25,33,83,18,65,147,3,144,200,4,196,38,12,26
2020,15/01/2021,TACNA,TACNA,CORONEL GREGORIO ALBARRACIN LANCHIPA,CEM COMISARÍA GREGORIO ALBARRACÍN,685,39,646,240,317,128,14,7,7,40,6,34,85,15,70,198,2,196,325,6,319,23,3,20
2020,15/01/2021,PIURA,SULLANA,SULLANA,CEM COMISARÍA NUEVA SULLANA,261,19,242,102,135,24,3,0,3,21,7,14,36,6,30,75,0,75,120,3,117,6,3,3
2020,15/01/2021,CUSCO,CANCHIS,SICUANI,CEM COMISARIA SICUANI,486,51,435,237,230,19,11,5,6,32,18,14,42,7,35,137,3,134,223,3,220,41,15,26
2020,15/01/2021,JUNÍN,SATIPO,MAZAMARI,CEM COMISARÍA MAZAMARI,331,52,279,101,160,70,12,3,9,37,14,23,68,12,56,88,3,85,107,9,98,19,11,8
2020,15/01/2021,MOQUEGUA,MARISCAL NIETO,SAMEGUA,CEM COMISARÍA SAMEGUA,125,15,110,59,53,13,0,0,0,7,3,4,14,4,10,31,1,30,58,2,56,15,5,10
2020,15/01/2021,LIMA,LIMA,SANTA ANITA,CEM COMISARÍA SANTA ANITA,545,64,481,226,219,100,26,9,17,58,20,38,75,13,62,168,3,165,178,8,170,40,11,29
2020,15/01/2021,PUNO,SAN ROMÁN,JULIACA,CEM COMISARÍA SANTA BARBARA,655,23,632,264,303,88,14,3,11,29,9,20,69,3,66,183,1,182,346,6,340,14,1,13
2020,15/01/2021,PUNO,PUNO,PUNO,CEM COMISARÍA PUNO,437,47,390,195,211,31,3,3,0,24,9,15,52,14,38,90,1,89,225,8,217,43,12,31
2020,15/01/2021,ÁNCAsh,SANTA,CHIMBOTE,CEM COMISARÍA CHIMBOTE,500,75,425,297,190,13,12,4,8,35,15,20,35,9,26,135,12,123,238,18,220,45,17,28
2020,15/01/2021,TUMBES,TUMBES,TUMBES,CEM COMISARÍA DE FAMILIA TUMBES,888,101,787,408,443,37,15,3,12,66,30,36,60,13,47,305,12,293,399,26,373,43,17,26
2020,15/01/2021,HUANCAVELICA,HUANCAVELICA,HUANCAVELICA,CEM COMISARÍA HUANCAVELICA,242,19,223,94,112,36,9,4,5,19,6,13,29,6,23,79,2,77,100,1,99,6,0,6
2020,15/01/2021,LIMA,LIMA,PUEBLO LIBRE,CEM COMISARÍA PUEBLO LIBRE,298,70,228,202,63,33,7,7,0,27,12,15,23,8,15,52,8,44,140,14,126,49,21,28
2020,15/01/2021,LA LIBertAD,PACASMAYO,SAN JOSÉ,CEM COMISARÍA SAN JOSÉ,248,40,208,96,116,36,22,14,8,26,14,12,44,10,34,61,1,60,86,0,86,9,1,8
2020,15/01/2021,LIMA,LIMA,LIMA,CEM COMISARÍA LURÍN,541,38,503,266,210,65,18,4,14,51,19,32,47,4,43,169,3,166,238,2,236,18,6,12
2020,15/01/2021,LIMA,LIMA,SAN BORJA,CEM COMISARÍA SAN BORJA,286,41,245,193,73,20,7,3,4,36,10,26,26,10,16,40,3,37,142,5,137,35,10,25
2020,15/01/2021,HUÁNuco,HUÁNUCO,AMARILIS,CEM COMISARÍA AMARILIS,691,62,629,294,315,82,15,5,10,44,19,25,83,14,69,209,4,205,281,8,273,59,12,47
2020,15/01/2021,LIMA,HUARAL,CHANCAY,CEM COMISARÍA CHANCAY,313,24,289,152,111,50,7,2,5,29,10,19,32,3,29,79,0,79,145,5,140,21,4,17
2020,15/01/2021,ICA,ICA,ICA,CEM COMISARÍA ICA,488,45,443,246,143,99,10,3,7,41,18,23,55,7,48,141,4,137,205,7,198,36,6,30
2020,15/01/2021,SAN MARTÍN,RIOJA,PARDO MIGUEL,CEM COMISARÍA NARANJOS,338,26,312,140,144,54,15,5,10,44,10,34,56,6,50,83,2,81,139,3,136,1,0,1
2020,15/01/2021,APURÍMAC,ANDAHUAYLAS,TALAVERA,CEM COMISARÍA TALAVERA,483,49,434,227,241,15,9,6,3,31,19,12,51,11,40,122,2,120,238,3,235,32,8,24
2020,15/01/2021,LIMA,LIMA,ATE,CEM COMISARÍA VITARTE,555,97,458,238,208,109,53,28,25,85,38,47,101,25,76,105,1,104,190,0,190,21,5,16
2020,15/01/2021,AREQUIPA,AREQUIPA,PAUCARPATA,CEM COMISARÍA CAMPO MARTE,1115,219,896,745,285,85,72,36,36,160,64,96,150,43,107,183,16,167,430,28,402,120,32,88
2020,15/01/2021,ICA,chincha,CHINCHA ALTA,CEM COMISARÍA CHINCHA,623,53,570,283,272,68,11,9,2,43,8,35,73,10,63,171,7,164,290,15,275,35,4,31
2020,15/01/2021,LIMA,LIMA,SAN MARTIN DE PORRES,CEM COMISARÍA CONDEVILLA,541,99,442,318,156,67,40,18,22,51,18,33,73,24,49,107,5,102,190,14,176,80,20,60
2020,15/01/2021,LIMA,HUAURA,HUACHO,CEM COMISARÍA HUACHO,485,69,416,216,243,26,26,9,17,45,28,17,56,11,45,139,6,133,195,10,185,24,5,19
2020,15/01/2021,LIMA,HUAROCHIRI,SAN ANTONIO,CEM COMISARÍA JICAMARCA,480,33,447,156,219,105,19,5,14,61,16,45,83,11,72,107,0,107,196,0,196,14,1,13
2020,15/01/2021,PASCO,OXAPAMPA,PUERTO BERMUDEZ,CEM COMISARÍA PUERTO BERMUDEZ,126,13,113,41,68,17,3,1,2,21,4,17,20,2,18,37,2,35,44,4,40,1,0,1
2020,15/01/2021,LIMA,LIma,ATE,CEM COMISARÍA SANTA CLARA,607,101,506,313,232,62,48,24,24,86,38,48,92,19,73,140,3,137,219,9,210,22,8,14
2020,15/01/2021,AREQUIPA,AREQUIPA,JACOBO HUNTER,CEM COMISARÍA ANDRES AVELINO CACERES,894,193,701,633,188,73,89,40,49,154,66,88,143,48,95,139,10,129,290,14,276,79,15,64
2020,15/01/2021,LIMA,BARRANCA,BARRANCA,CEM COMISARÍA BARRANCA,531,58,473,226,282,23,10,4,6,40,15,25,54,9,45,185,7,178,208,10,198,34,13,21
2020,15/01/2021,AREQUIPA,CAYLLOMA,CHIVAY,CEM COMISARÍA CHIVAY,315,50,265,191,96,28,18,12,6,43,16,27,31,5,26,47,2,45,145,8,137,31,7,24
2020,15/01/2021,LIMA,LIMA,SAN JUAN DE LURIGANCHO,CEM COMISARÍA DE FAMILIA CANTO REY,564,90,474,246,242,76,24,14,10,57,26,31,69,19,50,156,6,150,231,15,216,27,10,17
2020,15/01/2021,MOQUEGUA,MARISCAL NIETO,MOQUEGUA,CEM COMISARÍA SAN ANTONIO,235,20,215,105,104,26,6,2,4,15,6,9,24,5,19,58,3,55,121,1,120,11,3,8
2020,15/01/2021,CUSCO,CUSCO,SANTIAGO,CEM COMISARÍA SANTIAGO,426,71,355,244,171,11,22,7,15,50,27,23,74,24,50,87,3,84,167,5,162,26,5,21
2020,15/01/2021,CALLAO,CALLAO,CALLAO,CEM COMISARÍA SAN JUAN INGUNZA VALDIVIA,334,39,295,126,159,49,12,5,7,29,12,17,33,6,27,100,4,96,128,8,120,32,4,28
2020,15/01/2021,LIMA,LIMA,LA MOLINA,CEM COMISARÍA LA MOLINA,236,43,193,89,109,38,20,10,10,30,14,16,28,8,20,44,4,40,88,4,84,26,3,23
2020,15/01/2021,LIMA,LIMA,LA VICTORIA,CEM COMISARÍA APOLO,548,93,455,281,202,65,45,27,18,64,25,39,64,9,55,136,6,130,197,11,186,42,15,27
2020,15/01/2021,ÁNCASH,CASMA,CASMA,CEM COMISARÍA CASMA,487,86,401,208,194,85,40,19,21,67,28,39,101,20,81,113,1,112,135,7,128,31,11,20
2020,15/01/2021,JUNÍN,YAULI,LA OROYA,CEM COMISARÍA LA OROYA,231,48,183,97,119,15,22,11,11,33,14,19,30,13,17,62,4,58,76,5,71,8,1,7
2020,15/01/2021,ICA,ICA,LA TINGUIÑA,CEM COMISARÍA LA TINGUIÑA,256,30,226,116,98,42,3,1,2,21,9,12,37,9,28,81,1,80,98,3,95,16,7,9
2020,15/01/2021,LIMA,LIMA,PUENTE PIEDRA,CEM COMISARÍA PUENTE PIEDRA,837,107,730,414,294,129,48,23,25,99,42,57,108,14,94,225,7,218,317,12,305,40,9,31
2020,15/01/2021,CUSCo,CUSCO,CUSCO,CEM COMISARÍA TAHUANTINSUYO,306,35,271,185,107,14,4,1,3,15,8,7,31,7,24,74,3,71,147,4,143,35,12,23
2020,15/01/2021,SAN MARTÍN,MOYOBAMBA,MOYOBAMBA,CEM COMISARÍA UCHUGLLA,522,53,469,256,242,24,7,6,1,27,11,16,57,7,50,170,8,162,240,15,225,21,6,15
2020,15/01/2021,AREQUIPA,AREQUIPA,CAYMA,CEM COMISARÍA ACEQUIA ALTA,990,204,786,591,302,97,80,33,47,179,92,87,144,50,94,162,7,155,367,10,357,58,12,46
2020,15/01/2021,HUANCAVELICA,HUANCAVELICA,HUACHOCOLPA,CEM COMISARÍA HUACHOCOLPA,105,8,97,86,14,5,3,2,1,1,0,1,4,1,3,39,2,37,53,3,50,5,0,5
2020,15/01/2021,CALLAO,CALLAO,CALLAO,CEM COMISARÍA PLAYA RIMAC,303,56,247,145,110,48,25,12,13,44,20,24,52,9,43,68,3,65,91,3,88,23,9,14
2020,15/01/2021,LIMA,LIMA,SAN ISIDRO,CEM COMISARÍA SAN ISIDRO,346,64,282,164,121,61,21,10,11,34,13,21,46,17,29,73,4,69,124,4,120,48,16,32
2020,15/01/2021,JUNÍN,HUANCAYO,SAPALLANGA,CEM COMISARÍA SAPALLANGA,282,45,237,131,120,31,23,13,10,36,18,18,38,6,32,84,0,84,82,1,81,19,7,12
2020,15/01/2021,ÁNCAsh,SANTA,NUEVO CHIMBOTE,CEM COMISARÍA SECTORIAL BUENOS AIRES,659,87,572,387,220,52,16,11,5,45,21,24,65,15,50,166,6,160,321,19,302,46,15,31
2020,15/01/2021,LAMBAYEQUE,CHICLAYO,SAÑA,CEM COMISARÍA ZAÑA,178,29,149,76,88,14,6,2,4,20,14,6,23,4,19,54,2,52,61,1,60,14,6,8
2020,15/01/2021,JUNÍN,JAUJA,JAUJA,CEM COMISARÍA JAUJA,429,56,373,188,183,58,23,11,12,37,13,24,58,10,48,107,1,106,169,11,158,35,10,25
2020,15/01/2021,PUNO,AZANGARO,AZANGARO,CEM COMISARÍA AZANGARO,320,22,298,102,186,32,7,2,5,18,6,12,37,1,36,89,1,88,136,3,133,33,9,24
2020,15/01/2021,PASCO,PASCO,YANACANCHA,CEM COMISARÍA DE FAMILIA YANACANCHA,230,10,220,106,100,24,2,1,1,10,4,6,28,2,26,82,3,79,103,0,103,5,0,5
2020,15/01/2021,PASCO,PASCO,SIMON BOLIVAR,CEM COMISARÍA LA ESPERANZA,111,23,88,53,49,9,9,4,5,16,7,9,31,8,23,28,3,25,26,1,25,1,0,1
2020,15/01/2021,LAMBAYEQUE,LAMBAYEQUE,LAMBAYEQUE,CEM COMISARÍA LAMBAYEQUE,445,66,379,189,209,47,16,7,9,48,23,25,60,11,49,134,4,130,164,12,152,23,9,14
2020,15/01/2021,LIMA,LIMA,BARRANCO,CEM COMISARÍA BARRANCO,275,71,204,203,54,18,25,12,13,43,20,23,35,18,17,51,2,49,71,6,65,50,13,37
2020,15/01/2021,APURÍMAC,ABANCAY,ABANCAY,CEM COMISARÍA BELLAVISTA,482,57,425,249,215,18,16,7,9,40,16,24,45,8,37,115,5,110,251,17,234,15,4,11
2020,15/01/2021,APURÍMAC,ABanCAY,CURAHUASI,CEM COMISARÍA CURAHUASI,285,42,243,86,180,19,4,1,3,16,10,6,23,6,17,78,7,71,138,10,128,26,8,18
2020,15/01/2021,LA LIBertAD,TRUJILLO,FLORENCIA DE MORA,CEM COMISARÍA FLORENCIA DE MORA,230,20,210,80,120,30,11,3,8,25,9,16,23,3,20,64,0,64,99,2,97,8,3,5
2020,15/01/2021,LIMA,LIMA,LINCE,CEM COMISARÍA LINCE,244,32,212,103,106,35,7,2,5,28,12,16,22,4,18,72,2,70,92,5,87,23,7,16
2020,15/01/2021,LIMA,CAÑETE,SAN ANTONIO,CEM COMISARÍA SAN ANTONIO - CAÑETE,372,63,309,188,136,48,18,8,10,62,28,34,61,15,46,74,2,72,151,8,143,6,2,4
2020,15/01/2021,ICA,PISCO,SAN CLEMENTE,CEM COMISARÍA SAN MIGUEL - PISCO,373,30,343,226,121,26,12,5,7,34,11,23,44,6,38,99,1,98,163,3,160,21,4,17
2020,15/01/2021,LIma,CAÑETE,SAN VICENTE DE CAÑETE,CEM COMISARÍA SAN VICENTE DE CAÑETE,366,43,323,110,204,52,11,5,6,36,20,16,53,9,44,99,1,98,149,4,145,18,4,14
2020,15/01/2021,HUÁNUCO,PUERTO INCA,TOURNAVISTA,CEM COMISARÍA TOURNAVISTA,93,13,80,42,32,19,6,2,4,19,7,12,22,2,20,25,0,25,19,2,17,2,0,2
2020,15/01/2021,CUSCO,CUSCO,SAN JERONIMO,CEM COMISARÍA SAN JERONIMO,496,58,438,244,205,47,22,11,11,59,21,38,76,14,62,117,7,110,208,1,207,14,4,10
2020,15/01/2021,HUÁNUCO,LEONCIO PRADO,JOSE CRESPO Y CASTILLO,CEM COMISARÍA AUCAYACU,255,18,237,85,111,59,6,1,5,21,7,14,51,7,44,73,1,72,100,1,99,4,1,3
2020,15/01/2021,PIURA,PIURA,PIUrA,CEM COMISARÍA DE FAMILIA PIURA,360,39,321,211,131,18,6,3,3,22,12,10,29,6,23,102,3,99,170,7,163,31,8,23
2020,15/01/2021,AREQUIPA,AREQUIPA,LA JOYA,CEM COMISARÍA EL TRIUNFO,369,40,329,225,100,44,5,1,4,29,18,11,54,13,41,97,4,93,158,3,155,26,1,25
2020,15/01/2021,SAN MARTÍN,MARISCAL CACERES,JUANJUI,CEM COMISARÍA JUANJUI,361,41,320,136,186,39,7,3,4,35,12,23,56,8,48,97,7,90,152,8,144,14,3,11
2020,15/01/2021,LIma,LIMA,SAN LUIS,CEM COMISARÍA SAN LUIS,389,86,303,175,169,45,33,18,15,63,33,30,41,11,30,75,1,74,132,7,125,45,16,29
2020,15/01/2021,LORETO,ALTO AMAZONAS,YURIMAGUAS,CEM COMISARÍA YURIMAGUAS,442,24,418,170,226,46,6,3,3,34,9,25,47,3,44,139,5,134,202,3,199,14,1,13
2020,15/01/2021,LIMA,LIMA,LIMA,CEM COMISARÍA LIMA,299,71,228,130,112,57,40,15,25,47,23,24,40,15,25,63,4,59,79,4,75,30,10,20
2020,15/01/2021,AMAZONAS,BAGUA,BAGUA,CEM COMISARÍA BAGUA,229,17,212,83,96,50,11,2,9,28,6,22,22,2,20,88,1,87,74,5,69,6,1,5
2020,15/01/2021,MADRE DE DIOS,MANU,MANU,CEM COMISARÍA SALVACION,70,9,61,17,45,8,1,0,1,7,2,5,10,2,8,20,0,20,27,1,26,5,4,1
2020,15/01/2021,PUNO,CHUCUITO,DESAGUADERO,CEM COMISARÍA DESAGUADERO,209,15,194,51,137,21,1,1,0,8,2,6,23,3,20,54,0,54,103,3,100,20,6,14
2020,15/01/2021,CUSCO,CUSCO,SAN SEBASTIAN,CEM COMISARÍA SAN SEBASTIAN,1048,240,808,589,404,55,144,88,56,170,85,85,124,30,94,216,10,206,341,11,330,53,16,37
2020,15/01/2021,piura,sullana,sullana,cem comisaría el obrero,403,23,380,164,227,12,4,2,2,17,7,10,32,3,29,136,2,134,189,4,185,25,5,20
2020,15/01/2021,LIma,HUAURA,SAYAN,CEM COMISARÍA SAYAN,157,30,127,61,81,15,9,6,3,15,8,7,20,3,17,59,7,52,48,4,44,6,2,4
2020,15/01/2021,LIma,lima,SAN JUAN DE LURIGANCHO,CEM COMISARÍA SANTA ELIZABETH,476,59,417,232,149,95,15,4,11,48,22,26,85,15,70,112,1,111,174,5,169,42,12,30
2020,15/01/2021,LIma,LIMA,LOS OLIVOS,CEM COMISARÍA SOL DE ORO,827,145,682,421,295,111,66,30,36,104,51,53,101,27,74,190,3,187,303,13,290,63,21,42
2020,15/01/2021,LA LIBERTAD,TRUJILLO,LAREDO,CEM COMISARÍA LAREDO,289,39,250,124,123,42,10,3,7,35,18,17,49,8,41,71,1,70,107,3,104,17,6,11
2020,15/01/2021,ÁNCAsh,SANTA,CHIMBOTE,CEM COMISARÍA ALTO PERU,432,55,377,220,186,26,13,3,10,33,16,17,44,8,36,112,4,108,206,18,188,24,6,18
2020,15/01/2021,ICA,CHINCHA,CHINCHA BAJA,CEM COMISARÍA CHINCHA BAJA,151,30,121,97,43,11,10,5,5,23,10,13,27,7,20,32,1,31,52,5,47,7,2,5
2020,15/01/2021,LIma,LIMA,SAN JUAN DE LURIGANCHO,CEM COMISARÍA CAJA DE AGUA,703,129,574,376,224,103,63,35,28,103,45,58,101,19,82,140,4,136,236,8,228,60,18,42
2020,15/01/2021,LIma,LIMA,ATE,CEM COMISARÍA HUAYCAN,588,86,502,265,228,95,26,11,15,60,20,40,91,30,61,140,6,134,245,12,233,26,7,19
2020,15/01/2021,LIma,LIMA,LURIN,CEM COMISARÍA VILLA ALEJANDRO,658,113,545,282,302,74,39,21,18,92,40,52,115,33,82,135,3,132,231,8,223,46,8,38
2020,15/01/2021,LAMBAYEQUE,CHICLAYO,CHICLAYO,CEM COMISARÍA DE FAMILIA CHICLAYO,551,79,472,246,232,73,15,7,8,52,23,29,76,17,59,138,5,133,221,11,210,49,16,33
2020,15/01/2021,LIma,LIMA,ANCON,CEM COMISARÍA ANCON,251,31,220,92,106,53,15,2,13,33,10,23,40,4,36,59,2,57,89,6,83,15,7,8
2020,15/01/2021,CUSCO,CUSCO,SANTIAGO,CEM COMISARÍA DE FAMILIA SANTIAGO,660,130,530,374,269,17,44,27,17,86,41,45,84,30,54,160,2,158,248,19,229,38,11,27
2020,15/01/2021,PUNO,YUNGUYO,YUNguYO,CEM COMISARÍA YUNGUYO,296,28,268,85,184,27,5,4,1,23,8,15,35,7,28,70,1,69,137,5,132,26,3,23
2020,15/01/2021,LIma,LIMA,SAN JUAN DE MIRAFLORES,CEM COMISARÍA PAMPLONA II,344,47,297,129,177,38,5,2,3,23,12,11,49,11,38,94,3,91,153,11,142,20,8,12
2020,15/01/2021,CALLAO,CALLAO,CALLAO,CEM COMISARÍA RAMON CASTILLA,291,52,239,159,100,32,11,3,8,25,11,14,41,15,26,67,4,63,110,8,102,37,11,26
2020,15/01/2021,PIURA,AYABACA,AYABACA,CEM COMISARÍA SECTORIAL AYABACA,204,27,177,52,108,44,3,1,2,21,7,14,45,10,35,58,3,55,65,5,60,12,1,11
2020,15/01/2021,APURIMAC,ABANCAY,TAMBURCO,CEM COMISARÍA TAMBURCO,294,26,268,147,129,18,4,2,2,11,4,7,21,5,16,89,5,84,149,7,142,20,3,17
2020,15/01/2021,LIma,LIMA,LIMA,CEM COMISARÍA PALOMINO,208,24,184,84,95,29,16,10,6,16,3,13,18,6,12,62,1,61,73,3,70,23,1,22
2020,15/01/2021,LIma,LIMA,LA MOLINA,CEM COMISARÍA LAS PRADERAS,194,29,165,98,74,22,6,3,3,17,5,12,23,8,15,43,3,40,91,7,84,14,3,11
2020,15/01/2021,ÁNCAsh,SANTA,NUEVO CHIMBOTE,CEM COMISARÍA VILLA MARIA,355,56,299,162,144,49,27,14,13,50,19,31,43,6,37,92,3,89,124,8,116,19,6,13
2020,15/01/2021,TACNA,TACNA,alto DE LA ALIANZA,CEM COMISARÍA ALTO DE LA ALIANZA,299,38,261,123,131,45,3,1,2,19,3,16,39,14,25,83,2,81,126,6,120,29,12,17
2020,15/01/2021,LA LIBertAD,ASCOPE,SANTIAGO DE CAO,CEM COMISARÍA CARTAVIO,230,36,194,130,69,31,18,12,6,40,16,24,36,5,31,53,1,52,76,2,74,7,0,7
2020,15/01/2021,SAN MARTIN,TOCACHE,TOCACHE,CEM COMISARÍA SECTORIAL TOCACHE,236,24,212,90,106,40,6,4,2,15,2,13,39,6,33,67,2,65,103,8,95,6,2,4
2020,15/01/2021,LA LIBertaD,SANCHEZ CARRION,HUAMACHUCO,CEM COMISARÍA HUAMACHUCO,404,15,389,128,202,74,15,7,8,20,1,19,68,3,65,144,2,142,150,2,148,7,0,7
2020,15/01/2021,LAMBAYEQUE,LAMBAYEQUE,OLMOS,CEM COMISARÍA SECTORIAL OLMOS,279,14,265,140,114,25,1,1,0,18,3,15,30,4,26,98,1,97,123,2,121,9,3,6
2020,15/01/2021,SAN MARTIN,LAMAS,TABALOSOS,CEM COMISARÍA TABALOSOS,158,26,132,53,73,32,10,5,5,27,11,16,36,5,31,30,2,28,53,3,50,2,0,2
2020,15/01/2021,LIma,LIMA,SAN JUAN DE LURIGANCHO,CEM COMISARÍA BAYOVAR,358,67,291,167,154,37,36,14,22,46,24,22,56,12,44,74,1,73,116,6,110,30,10,20
2020,15/01/2021,LA LIBertAD,VIRU,CHAO,CEM COMISARÍA CHAO,511,96,415,184,233,94,66,34,32,83,37,46,102,18,84,136,0,136,121,5,116,3,2,1
2020,15/01/2021,AREQUIPA,AREQUIPA,MIRAFLORES,CEM COMISARÍA EL PORVENIR,398,91,307,254,110,34,28,17,11,60,36,24,56,19,37,64,7,57,171,5,166,19,7,12
2020,15/01/2021,LA LIBertAD,PACASMAYO,PACASMAYO,CEM COMISARÍA PACASMAYO,244,37,207,104,111,29,12,6,6,36,19,17,29,6,23,58,0,58,92,3,89,17,3,14
2020,15/01/2021,AYACUCHO,HUAMANGA,AYACUCHO,CEM COMISARÍA DE FAMILIA AYACUCHO,1500,136,1364,745,674,81,39,16,23,63,24,39,126,19,107,469,10,459,704,37,667,99,30,69
2020,15/01/2021,LIMA PROVINCIA,HUAROCHIRI,SAN ANTONIO,CEM COMISARÍA JICAMARCA II,281,30,251,140,92,49,12,7,5,33,13,20,36,5,31,73,0,73,118,2,116,9,3,6
2020,15/01/2021,LIMA PROVINCIA,BARRANCA,PARAMONGA,CEM COMISARÍA PARAMONGA,197,17,180,71,107,19,7,2,5,16,2,14,31,4,27,54,1,53,74,5,69,15,3,12
2020,15/01/2021,piura,piura,la union,cem comisaría la union,336,37,299,138,163,35,16,4,12,32,15,17,47,11,36,114,3,111,123,3,120,4,1,3
2020,15/01/2021,ICA,ICA,SAN JUAN BAUTISTA,CEM COMISARÍA SAN JUAN BAUTISTA,204,31,173,116,73,15,6,3,3,22,10,12,24,5,19,44,3,41,88,4,84,20,6,14
2020,15/01/2021,piura,paita,la huaca,cem comisaría la huaca,192,14,178,78,95,19,3,1,2,13,3,10,25,4,21,62,3,59,85,3,82,4,0,4
2020,15/01/2021,ÁNCAsh,HUARAZ,HUARAZ,CEM COMISARÍA HUARAZ,340,43,297,166,145,29,10,6,4,22,11,11,42,16,26,96,2,94,151,6,145,19,2,17
2020,15/01/2021,AREQUIPA,AREQUIPA,SACHACA,CEM COMISARÍA PAMPA DE CAMARONES,749,143,606,474,226,49,73,42,31,98,42,56,86,27,59,144,5,139,293,13,280,55,14,41
2020,15/01/2021,ICA,CHINCHA,EL CARMEN,CEM COMISARÍA EL CARMEN,117,22,95,45,59,13,9,5,4,10,3,7,21,6,15,32,3,29,43,5,38,2,0,2
2020,15/01/2021,LAMBAYEQUE,LAMBAYEQUE,LAMBAYEQUE,CEM COMISARÍA SAN MARTIN DE PORRES - LAMBAYEQUE,264,24,240,149,97,18,6,3,3,21,6,15,27,3,24,74,2,72,127,9,118,9,1,8
2020,15/01/2021,ÁNCAsh,YUNGAY,YUNGAY,CEM COMISARÍA YUNGAY,141,24,117,44,64,33,5,3,2,13,4,9,33,5,28,27,0,27,49,8,41,14,4,10
2020,15/01/2021,LAMBAYEQUE,CHICLAYO,CHICLAYO,CEM COMISARÍA CAMPODONICO,494,53,441,199,261,34,17,8,9,41,13,28,58,13,45,155,4,151,189,4,185,34,11,23
2020,15/01/2021,SAN MARTIN,PICOTA,PICOTA,CEM COMISARÍA PICOTA,182,21,161,101,57,24,7,1,6,39,13,26,27,4,23,50,0,50,56,2,54,3,1,2
2020,15/01/2021,ICA,ICA,SANTIAGO,CEM COMISARÍA SANTIAGO - ICA,152,17,135,68,64,20,4,2,2,19,8,11,20,1,19,42,0,42,53,1,52,14,5,9
2020,15/01/2021,LIma,LIMA,RIMAC,CEM COMISARÍA CIUDAD Y CAMPO,312,35,277,126,153,33,14,8,6,30,13,17,58,9,49,59,1,58,125,2,123,26,2,24
2020,15/01/2021,UCAYALI,PADRE ABAD,IRAZOLA,CEM COMISARÍA RURAL VON HUMBOLT,114,10,104,39,53,22,3,2,1,9,2,7,12,0,12,44,1,43,44,4,40,2,1,1
2020,15/01/2021,AREQUIPA,AREQUIPA,PAUCARPATA,CEM COMISARÍA MIGUEL GRAU,801,191,610,521,253,27,87,38,49,115,61,54,96,35,61,105,8,97,295,20,275,103,29,74
2020,15/01/2021,TUMBES,TUMBES,PAMPAS DE HOSPITAL,CEM COMISARÍA PAMPAS DE HOSPITAL,209,51,158,115,80,14,21,11,10,32,20,12,30,15,15,53,3,50,64,0,64,9,2,7
2020,15/01/2021,CAJAMARCA,JAEN,COLASAY,CEM COMISARÍA RURAL COLASAY,238,33,205,91,123,24,6,3,3,25,13,12,31,8,23,56,0,56,110,5,105,10,4,6
2020,15/01/2021,piura,piura,tambo grande,cem comisaría rural tambogrande,457,20,437,227,206,24,0,0,0,17,3,14,40,4,36,147,4,143,233,7,226,20,2,18
2020,15/01/2021,AREQUIPA,CAMANA,CAMANA,CEM COMISARÍA SECTORIAL RURAL CAMANA,393,67,326,238,135,20,20,8,12,43,17,26,39,12,27,79,5,74,177,10,167,35,15,20
2020,15/01/2021,LIma,LIMA,SAN MIGUEL,CEM COMISARÍA MARANGA,134,26,108,85,37,12,2,2,0,17,6,11,22,6,16,22,0,22,47,3,44,24,9,15
2020,15/01/2021,LIma,LIMA,INDEPENDENCIA,CEM COMISARÍA INDEPENDENCIA,276,36,240,163,81,32,10,2,8,27,10,17,42,4,38,53,2,51,104,11,93,40,7,33
2020,15/01/2021,LAMBAYEQUE,FERREÑAFE,FERREÑAFE,CEM COMISARÍA FERREÑAFE,148,18,130,79,63,6,4,1,3,15,5,10,20,6,14,48,1,47,55,5,50,6,0,6
2020,15/01/2021,LAMBAYEQUE,CHICLAYO,JOSE LEONARDO ORTIZ,CEM COMISARÍA JOSE LEONARDO ORTIZ,114,7,107,50,50,14,5,1,4,9,3,6,17,1,16,27,0,27,52,2,50,4,0,4
2020,15/01/2021,LIma,LIMA,SAN JUAN DE LURIGANCHO,CEM COMISARÍA HUACHIPA,90,18,72,39,33,18,6,4,2,12,1,11,23,7,16,13,1,12,32,3,29,4,2,2
2020,15/01/2021,TACNA,TACNA,TACNA,CEM COMISARÍA AUGUSTO B. LEGUIA,86,18,68,31,36,19,2,1,1,26,12,14,12,4,8,11,0,11,33,1,32,2,0,2
2020,15/01/2021,piura,piura,piura,cem comisaría piura,121,18,103,52,52,17,3,3,0,1,1,0,15,2,13,31,1,30,64,8,56,7,3,4
2020,15/01/2021,MOQUEGUA,ILO,ILO,CEM COMISARÍA ILO,93,11,82,49,40,4,3,2,1,8,3,5,5,0,5,21,2,19,47,2,45,9,2,7
2020,15/01/2021,piura,paita,paita,cem comisaría sectorial de paita,66,3,63,24,36,6,0,0,0,1,0,1,7,1,6,29,1,28,28,1,27,1,0,1
2020,15/01/2021,CUSCO,CALCA,CALCA,CEM COMISARÍA SECTORIAL CALCA,85,14,71,37,44,4,7,3,4,10,4,6,6,1,5,20,2,18,38,2,36,4,2,2
2020,15/01/2021,ICA,CHINCHA,SUnaMPE,CEM COMISARÍA SUNAMPE,109,17,92,61,34,14,5,5,0,7,2,5,18,4,14,25,2,23,47,1,46,7,3,4
2020,15/01/2021,APURIMAC,AYMARAES,CHALHUANCA,CEM COMISARÍA CHALHUANCA,5,0,5,2,2,1,0,0,0,0,0,0,0,0,0,1,0,1,4,0,4,0,0,0
2020,15/01/2021,TUMBES,TUMBES,LA CRUZ,CEM COMISARÍA LA CRUZ,17,1,16,12,2,3,2,0,2,2,1,1,3,0,3,2,0,2,7,0,7,1,0,1
2020,15/01/2021,AREQUIPA,ISLAY,ISLAY,CEM COMISARÍA MATARANI,37,4,33,26,9,2,2,1,1,7,2,5,6,1,5,4,0,4,17,0,17,1,0,1
2020,15/01/2021,PUNO,CHUCUITO,HUACULLANI,CEM COMISARÍA RURAL HUACULLANI,9,0,9,3,4,2,0,0,0,0,0,0,2,0,2,0,0,0,7,0,7,0,0,0
2020,15/01/2021,ÁNCAsh,BOLOGNESI,CHIQUIAN,CEM COMISARÍA SECTORIAL BOLOGNESI CHIQUIAN,1,0,1,0,0,1,0,0,0,0,0,0,1,0,1,0,0,0,0,0,0,0,0,0
2020,15/01/2021,AREQUIPA,AREQUIPA,SOCABAYA,CEM COMISARÍA SECTORIAL SOCABAYA,93,23,70,58,29,6,10,4,6,28,16,12,6,1,5,7,0,7,36,2,34,6,0,6
2020,15/01/2021,SAN MARTIN,RIOJA,NUEVA CAJAMARCA,CEM COMISARÍA NUEVA CAJAMARCA,13,0,13,7,6,0,0,0,0,0,0,0,1,0,1,2,0,2,10,0,10,0,0,0
2020,15/01/2021,UCAYALI,PADRE ABAD,IRAZOLA,CEM COMISARÍA SAN ALEJANDRO,4,1,3,2,2,0,0,0,0,0,0,0,1,1,0,2,0,2,1,0,1,0,0,0
2020,15/01/2021,LORETO,MAYNAS,BELEN,CEM COMISARÍA 09 DE OCTUBRE,0,0,0,0,0,0,0,0,0,0,0,0,0,0,0,0,0,0,0,0,0,0,0,0
2020,15/01/2021,piura,piura,veintiseis de obtubre,cem centro de salud santa julia,245,21,224,133,87,25,5,0,5,18,8,10,27,4,23,68,0,68,116,2,114,11,7,4
2021,17/01/2021,APURÍMAC,ABANCAY,ABANCAY,CEM ABANCAY,227,13,214,138,67,22,7,4,3,9,2,7,21,1,20,41,1,40,130,0,130,19,5,14
2021,17/01/2021,HUANCAVELICA,ACOBAMBA,ACOBAMBA,CEM ACOBAMBA,188,15,173,83,91,14,5,3,2,14,5,9,24,1,23,57,1,56,80,3,77,8,2,6
2021,17/01/2021,HUÁNUCO,AMBO,AMBO,CEM AMBO,300,34,266,148,118,34,14,6,8,25,7,18,39,12,27,92,2,90,111,3,108,19,4,15
2021,17/01/2021,APURÍMAC,ANDAHUAYLAS,ANDAHUAYLAS,CEM ANDAHUAYLAS,374,29,345,186,141,47,4,3,1,19,7,12,52,8,44,83,3,80,185,4,181,31,4,27
2021,17/01/2021,APURÍMAC,ANTABAMBA,ANTABAMBA,CEM ANTABAMBA,157,18,139,69,78,10,5,3,2,18,6,12,14,2,12,34,2,32,71,2,69,15,3,12
2021,17/01/2021,PIURA,AYABACA,SUYO,CEM SUYO,185,11,174,59,86,40,7,2,5,15,4,11,37,0,37,50,0,50,64,2,62,12,3,9
2021,17/01/2021,AYACUCHO,HUAMANGA,AYACUCHO,CEM HUAMANGA,568,36,532,363,112,93,16,6,10,32,12,20,66,6,60,190,3,187,238,4,234,26,5,21
2021,17/01/2021,AMAZONAS,BAGUA,BAGUA,CEM BAGUA,145,13,132,63,43,39,1,1,0,23,4,19,32,3,29,30,1,29,51,1,50,8,3,5
2021,17/01/2021,CAJAMARCA,CAJAMARCA,CAJAMARCA,CEM CAJAMARCA,244,18,226,85,91,68,4,2,2,27,6,21,68,4,64,67,0,67,68,5,63,10,1,9
2021,17/01/2021,CALLAO,CALLAO,CALLAO,CEM CALLAO,808,161,647,327,320,161,74,41,33,137,58,79,163,23,140,133,3,130,235,13,222,66,23,43
2021,17/01/2021,AREQUIPA,CAMANÁ,CAMANÁ,CEM CAMANA,402,79,323,161,174,67,34,21,13,66,29,37,57,18,39,86,4,82,148,5,143,11,2,9
2021,17/01/2021,AYACUCHO,CANGALLO,CANGALLO,CEM CANGALLO,129,18,111,64,48,17,19,6,13,18,8,10,18,4,14,38,0,38,35,0,35,1,0,1
2021,17/01/2021,LIma,CAÑETE,IMPERIAL,CEM IMPERIAL,371,40,331,205,126,40,6,3,3,35,15,20,60,12,48,63,1,62,155,2,153,52,7,45
2021,17/01/2021,LIma,LIMA,CARABAYLLO,CEM CARABAYLLO,607,143,464,271,244,92,63,30,33,160,74,86,140,31,109,78,1,77,148,0,148,18,7,11
2021,17/01/2021,AREQUIPA,AREQUIPA,AREQUIPA,CEM AREQUIPA,772,174,598,412,232,128,76,31,45,115,46,69,90,28,62,145,10,135,238,18,220,108,41,67
2021,17/01/2021,AMAZONAS,CHACHAPOYAS,CHACHAPOYAS,CEM CHACHAPOYAS,204,18,186,59,73,72,11,7,4,20,4,16,49,3,46,45,1,44,72,1,71,7,2,5
2021,17/01/2021,JUNÍN,CHANCHAMAYO,CHANCHAMAYO,CEM CHANCHAMAYO,409,45,364,212,136,61,13,7,6,47,14,33,70,9,61,82,4,78,170,1,169,27,10,17
2021,17/01/2021,LAMBAYEQUE,CHICLAYO,CHICLAYO,CEM CHICLAYO,234,19,215,107,79,48,10,4,6,19,8,11,46,4,42,54,0,54,95,2,93,10,1,9
2021,17/01/2021,JUNÍN,HUANCAYO,CHILCA,CEM CHILCA,523,45,478,292,178,53,14,3,11,41,21,20,58,9,49,144,6,138,244,4,240,22,2,20
2021,17/01/2021,ÁNCAsh,SANTA,CHIMBOTE,CEM CHIMBOTE,411,73,338,286,99,26,6,4,2,41,12,29,49,13,36,83,4,79,175,20,155,57,20,37
2021,17/01/2021,APURÍMAC,CHINCHEROS,CHINCHEROS,CEM CHINCHEROS,457,47,410,262,162,33,12,6,6,30,14,16,56,12,44,96,2,94,234,7,227,29,6,23
2021,17/01/2021,AREQUIPA,AREQUIPA,SOCABAYA,CEM SOCABAYA,445,96,349,250,149,46,32,15,17,72,36,36,88,20,68,53,2,51,152,7,145,48,16,32
2021,17/01/2021,LA LIBertAD,ASCOPE,CHOCOPE,CEM CHOCOPE,225,34,191,121,52,52,26,10,16,49,16,33,45,4,41,40,0,40,56,1,55,9,3,6
2021,17/01/2021,CAJAMARCA,CHOTA,CHOTA,CEM CHOTA,267,29,238,111,111,45,7,3,4,23,5,18,41,1,40,53,1,52,120,9,111,23,10,13
2021,17/01/2021,PIURA,MORROPÓN,CHULUCANAS,CEM CHULUCANAS,257,3,254,134,87,36,0,0,0,9,1,8,34,0,34,92,0,92,112,1,111,10,1,9
2021,17/01/2021,CUSco,CHUMBIVILCAS,SANTO TOMÁS,CEM CHUMBIVILCAS,345,28,317,142,144,59,7,4,3,17,4,13,59,10,49,86,0,86,152,4,148,24,6,18
2021,17/01/2021,APURÍMAC,GRAU,CHUQUIBAMBILLA,CEM CHUQUIBAMBILLA,127,16,111,47,66,14,3,2,1,9,6,3,13,1,12,18,0,18,66,5,61,18,2,16
2021,17/01/2021,HUANCAVELICA,CHURCAMPA,CHURCAMPA,CEM CHURCAMPA,180,26,154,60,84,36,13,8,5,17,8,9,31,4,27,38,1,37,73,3,70,8,2,6
2021,17/01/2021,LIma,LIMA,COMAS,CEM COMAS,369,53,316,144,154,71,30,8,22,58,23,35,59,11,48,70,0,70,118,1,117,34,10,24
2021,17/01/2021,JUNÍN,CONCEPCIÓN,CONCEPCIÓN,CEM CONCEPCION,354,50,304,197,120,37,14,8,6,33,9,24,42,9,33,81,3,78,153,13,140,31,8,23
2021,17/01/2021,CUSCO,CUSCO,WANCHAQ,CEM CUSCO,381,48,333,165,139,77,13,7,6,37,17,20,63,12,51,89,5,84,158,3,155,21,4,17
2021,17/01/2021,LIMA,LIMA,EL AGUSTINO,CEM EL AGUSTINO,323,103,220,76,210,37,42,27,15,70,36,34,81,23,58,31,1,30,57,4,53,42,12,30
2021,17/01/2021,CUSCO,ESPINAR,ESPINAR,CEM ESPINAR,481,28,453,228,209,44,1,1,0,9,2,7,44,9,35,166,1,165,245,12,233,16,3,13
2021,17/01/2021,LAMBAYEQUE,FERREÑAFE,FERREÑAFE,CEM FERREÑAFE,10,1,9,7,1,2,2,0,2,3,1,2,0,0,0,2,0,2,3,0,3,0,0,0
2021,17/01/2021,LIma,HUAURA,HUACHO,CEM HUACHO,244,23,221,137,79,28,11,4,7,36,13,23,41,2,39,55,1,54,85,2,83,16,1,15
2021,17/01/2021,LA LIBertAD,SÁNCHEZ CARRIÓN,HUAMACHUCO,CEM HUAMACHUCO,93,5,88,41,21,31,2,2,0,6,0,6,24,1,23,28,0,28,31,1,30,2,1,1
2021,17/01/2021,AYACUCHO,HUANCA SANCOS,SANCOS,CEM HUANCASANCOS,103,5,98,68,32,3,0,0,0,4,0,4,9,2,7,15,1,14,58,1,57,17,1,16
2021,17/01/2021,HUANCAVELICA,HUANCAVELICA,HUANCAVELICA,CEM HUANCAVELICA,212,43,169,114,65,33,17,9,8,30,14,16,32,6,26,56,2,54,69,8,61,8,4,4
2021,17/01/2021,JUNÍN,HUANCAYO,HUANCAYO,CEM HUANCAYO,1073,190,883,531,452,90,68,25,43,106,53,53,164,51,113,226,16,210,415,24,391,94,21,73
2021,17/01/2021,AYACUCHO,HUANTA,HUANTA,CEM HUANTA,144,11,133,67,38,39,9,2,7,12,2,10,21,4,17,36,2,34,56,0,56,10,1,9
2021,17/01/2021,HUÁNUCO,HUÁNUCO,AMARILIS,CEM HUANUCO,635,48,587,159,284,192,14,5,9,67,20,47,165,12,153,167,2,165,203,4,199,19,5,14
2021,17/01/2021,ÁNCAsh,HUARAZ,HUARAZ,CEM HUARAZ,167,21,146,81,74,12,3,0,3,14,3,11,18,2,16,41,2,39,76,8,68,15,6,9
2021,17/01/2021,ÁNCAsh,HUARMEY,HUARMEY,CEM HUARMEY,233,35,198,107,98,28,8,3,5,33,13,20,27,5,22,58,2,56,100,10,90,7,2,5
2021,17/01/2021,LIma,HUAROCHIRÍ,MATUCANA,CEM HUAROCHIRI,140,36,104,52,51,37,12,7,5,35,17,18,25,6,19,23,1,22,36,1,35,9,4,5
2021,17/01/2021,LIma,LIMA,ATE,CEM HUAYCAN,221,37,184,140,57,24,10,4,6,17,7,10,28,10,18,45,4,41,96,6,90,25,6,19
2021,17/01/2021,MADRE DE DIOS,MANU,HUEPETUHE,CEM HUEPETUHE,203,21,182,135,55,13,4,2,2,19,5,14,24,4,20,60,1,59,90,7,83,6,2,4
2021,17/01/2021,MADRE DE DIOS,TAHUAMANU,IBERIA,CEM IBERIA,135,16,119,59,53,23,3,3,0,24,5,19,27,3,24,29,1,28,49,2,47,3,2,1
2021,17/01/2021,ICA,ICA,ICA,CEM ICA,260,40,220,140,83,37,13,6,7,40,13,27,48,10,38,46,2,44,89,2,87,24,7,17
2021,17/01/2021,PUNO,EL COLLAO,ILAVE,CEM ILAVE,187,28,159,104,71,12,13,8,5,21,10,11,20,6,14,45,0,45,78,3,75,10,1,9
2021,17/01/2021,LIma,LIma,INDEPENDENCIA,CEM INDEPENDENCIA,324,79,245,151,140,33,49,21,28,62,33,29,58,17,41,43,0,43,83,2,81,29,6,23
2021,17/01/2021,LORETO,MAYNAS,PUNCHANA,CEM IQUITOS,43,1,42,28,13,2,0,0,0,2,1,1,3,0,3,15,0,15,20,0,20,3,0,3
2021,17/01/2021,CAJAMARCA,JAÉN,JAÉN,CEM JAEN,352,26,326,176,120,56,8,5,3,30,10,20,35,3,32,106,2,104,155,2,153,18,4,14
2021,17/01/2021,JUNÍN,JAUJA,JAUJA,CEM JAUJA,146,28,118,99,38,9,11,5,6,22,7,15,21,9,12,34,2,32,52,3,49,6,2,4
2021,17/01/2021,PUNO,SAN ROMÁN,JULIACA,CEM JULIACA,303,31,272,171,110,22,8,4,4,16,6,10,33,10,23,70,0,70,154,5,149,22,6,16
2021,17/01/2021,CUSCO,LA CONVENCIÓN,KIMBIRI,CEM KIMBIRI,422,34,388,171,198,53,7,4,3,27,6,21,45,5,40,141,4,137,179,5,174,23,10,13
2021,17/01/2021,LA LIBertAD,TRUJIllo,LA ESPERANZA,CEM LA ESPERANZA,627,98,529,271,241,115,38,20,18,91,31,60,124,20,104,152,0,152,174,5,169,48,22,26
2021,17/01/2021,AYACUCHO,LA MAR,SAN MIGUEL,CEM LA MAR,239,31,208,116,93,30,8,5,3,18,6,12,42,12,30,68,0,68,83,0,83,20,8,12
2021,17/01/2021,LIma,LIma,SAN LUIS,CEM SAN LUIS,171,36,135,86,45,40,15,11,4,17,4,13,24,4,20,29,2,27,58,5,53,28,10,18
2021,17/01/2021,LAMBAYEQUE,LAMBAYEQUE,LAMBAYEQUE,CEM LAMBAYEQUE,135,13,122,57,49,29,6,3,3,10,2,8,27,2,25,42,1,41,41,1,40,9,4,5
2021,17/01/2021,LIma,LIma,LIMA,CEM LIMA,1016,149,867,489,343,184,54,21,33,137,49,88,160,33,127,194,6,188,364,19,345,107,21,86
2021,17/01/2021,LIma,LIma,LOS OLIVOS,CEM LOS OLIVOS,457,86,371,236,142,79,43,19,24,71,29,42,92,13,79,79,1,78,108,0,108,64,24,40
2021,17/01/2021,AYACUCHO,LUCANAS,PUQUIO,CEM LUCANAS,138,25,113,77,41,20,20,11,9,19,7,12,28,6,22,22,0,22,40,1,39,9,0,9
2021,17/01/2021,MADRE DE DIOS,TAMBOPATA,TAMBOPATA,CEM MADRE DE DIOS,546,86,460,293,133,120,14,9,5,90,26,64,129,21,108,108,3,105,156,2,154,49,25,24
2021,17/01/2021,LIma,LIma,PACHACÁMAC,CEM MANCHAY,378,77,301,145,119,114,52,19,33,73,31,42,107,18,89,59,1,58,75,5,70,12,3,9
2021,17/01/2021,PUNO,MELGAR,AYAVIRI,CEM MELGAR,155,6,149,86,61,8,0,0,0,4,0,4,10,3,7,28,0,28,100,1,99,13,2,11
2021,17/01/2021,AREQUIPA,AREQUIPA,MIRAFLORES,CEM MIRAFLORES,1630,325,1305,951,480,199,132,72,60,250,117,133,245,65,180,271,8,263,575,24,551,157,39,118
2021,17/01/2021,MOQUEGUA,MARISCAL NIETO,MOQUEGUA,CEM MOQUEGUA,201,21,180,91,88,22,3,1,2,10,3,7,19,2,17,45,3,42,111,8,103,13,4,9
2021,17/01/2021,SAN MARTÍN,MOYOBAMBA,MOYOBAMBA,CEM MOYOBAMBA,428,49,379,237,124,67,18,7,11,51,20,31,78,7,71,112,1,111,154,9,145,15,5,10
2021,17/01/2021,ICA,NASCA,NASCA,CEM NASCA,202,29,173,90,60,52,16,6,10,39,10,29,49,9,40,34,1,33,55,2,53,9,1,8
2021,17/01/2021,LORETO,LORETO,NAUTA,CEM NAUTA,257,20,237,107,108,42,6,1,5,28,13,15,36,3,33,78,0,78,104,3,101,5,0,5
2021,17/01/2021,ÁNCAsh,SANTA,NUEVO CHIMBOTE,CEM NUEVO CHIMBOTE,163,40,123,131,26,6,25,10,15,38,24,14,17,1,16,29,0,29,43,3,40,11,2,9
2021,17/01/2021,LA LIBertAD,OTUZCO,OTUZCO,CEM OTUZCO,94,2,92,23,47,24,1,0,1,5,0,5,15,0,15,29,0,29,39,2,37,5,0,5
2021,17/01/2021,PaScO,OXAPAMPA,OXAPAMPA,CEM OXAPAMPA,200,52,148,136,52,12,18,12,6,39,25,14,40,11,29,39,2,37,52,1,51,12,1,11
2021,17/01/2021,CALLAO,CALLAO,VENTANILLA,CEM PACHACUTEC,359,85,274,145,137,77,29,12,17,97,43,54,111,28,83,37,0,37,75,1,74,10,1,9
2021,17/01/2021,UCAYALI,PADRE ABAD,PADRE ABAD,CEM PADRE ABAD,249,22,227,89,120,40,12,5,7,11,5,6,42,3,39,88,4,84,95,5,90,1,0,1
2021,17/01/2021,LIma,LIma,SAN JUAN DE MIRAFLORES,CEM SAN JUAN DE MIRAFLORES,325,68,257,104,115,106,27,18,9,70,15,55,69,17,52,55,3,52,67,3,64,37,12,25
2021,17/01/2021,AYACUCHO,PARINACOCHAS,CORACORA,CEM PARINACOCHAS,152,17,135,71,69,12,2,1,1,17,7,10,21,6,15,28,1,27,69,0,69,15,2,13
2021,17/01/2021,PASCO,PASCO,CHAUPIMARCA,CEM PASCO,215,10,205,106,83,26,5,2,3,15,3,12,34,2,32,70,1,69,84,2,82,7,0,7
2021,17/01/2021,AYACUCHO,PAUCAR DEL SARA SARA,PAUSA,CEM PAUCAR DEL SARA SARA,184,23,161,85,87,12,3,1,2,15,4,11,18,3,15,23,0,23,69,2,67,56,13,43
2021,17/01/2021,CUSCO,LA CONVENCIÓN,PICHARI,CEM PICHARI,366,31,335,184,148,34,16,8,8,35,8,27,43,7,36,113,2,111,151,2,149,8,4,4
2021,17/01/2021,ICA,PISCO,PISCO,CEM PISCO,358,44,314,193,105,60,13,6,7,31,11,20,53,9,44,80,5,75,156,7,149,25,6,19
2021,17/01/2021,PIURA,PIURA,CASTILLA,CEM PIURA,514,55,459,296,166,52,9,5,4,32,13,19,58,18,40,124,3,121,252,7,245,39,9,30
2021,17/01/2021,UCAYALI,CORONEL PORTILLO,CALLERIA,CEM PUCALLPA,500,26,474,198,139,163,9,2,7,57,10,47,114,8,106,100,0,100,209,4,205,11,2,9
2021,17/01/2021,PUNO,PUNO,PUNO,CEM PUNO,291,34,257,156,115,20,4,1,3,28,14,14,18,5,13,54,0,54,149,6,143,38,8,30
2021,17/01/2021,CUSCO,LA CONVENCIÓN,SANTA ANA,CEM QUILLABAMBA,576,61,515,343,156,77,20,10,10,61,23,38,71,8,63,101,4,97,257,8,249,66,8,58
2021,17/01/2021,SAN MARTÍN,RIOJA,RIOJA,CEM RIOJA,328,23,305,122,142,64,6,4,2,23,7,16,58,5,53,84,1,83,141,5,136,16,1,15
2021,17/01/2021,LIma,LIma,LA MOLINA,CEM LA MOLINA,350,53,297,183,95,72,26,15,11,52,10,42,46,7,39,73,4,69,109,4,105,44,13,31
2021,17/01/2021,LIma,LIma,SAN JUAN DE LURIGANCHO,CEM SAN JUAN DE LURIGANCHO,522,86,436,181,188,153,30,16,14,103,35,68,142,29,113,105,5,100,134,0,134,8,1,7
2021,17/01/2021,LIma,LIma,SAN MARTÍN DE PORRES,CEM SAN MARTIN DE PORRES,324,79,245,147,125,52,47,15,32,63,40,23,69,14,55,39,2,37,68,1,67,38,7,31
2021,17/01/2021,LA LIBertAD,SANTIAGO DE CHUCO,SANTIAGO DE CHUCO,CEM SANTIAGO DE CHUCO,119,17,102,57,46,16,19,6,13,17,5,12,21,4,17,24,0,24,35,1,34,3,1,2
2021,17/01/2021,JUNÍN,SATIPO,SATIPO,CEM SATIPO,380,44,336,147,163,70,15,8,7,43,14,29,63,9,54,98,2,96,144,4,140,17,7,10
2021,17/01/2021,PIURA,SECHURA,SECHURA,CEM SECHURA,289,25,264,136,125,28,8,3,5,26,8,18,40,9,31,104,0,104,106,5,101,5,0,5
2021,17/01/2021,CUSCO,CANCHIS,SICUANI,CEM SICUANI,199,19,180,85,83,31,3,1,2,14,6,8,30,7,23,48,0,48,96,5,91,8,0,8
2021,17/01/2021,AYACUCHO,SUCRE,QUEROBAMBA,CEM SUCRE,129,11,118,70,42,17,6,3,3,13,5,8,19,2,17,14,0,14,69,0,69,8,1,7
2021,17/01/2021,PIURA,SULLANA,SULLANA,CEM SULLANA,275,35,240,165,91,19,4,2,2,16,11,5,27,4,23,72,3,69,125,8,117,31,7,24
2021,17/01/2021,LIma,LIma,SANTIAGO DE SURCO,CEM SURCO,280,71,209,114,100,66,23,16,7,51,24,27,57,15,42,42,1,41,77,6,71,30,9,21
2021,17/01/2021,LIma,LIma,SURQUILLO,CEM SURQUILLO,382,77,305,208,99,75,22,13,9,70,33,37,49,14,35,54,4,50,132,4,128,55,9,46
2021,17/01/2021,TACNA,TACNA,TACNA,CEM TACNA,275,21,254,131,81,63,6,2,4,16,5,11,49,6,43,57,0,57,119,6,113,28,2,26
2021,17/01/2021,SAN MARTÍN,SAN MARTÍN,TARAPOTO,CEM TARAPOTO,1268,163,1105,781,428,59,21,12,9,69,25,44,101,17,84,367,20,347,617,64,553,93,25,68
2021,17/01/2021,JUNÍN,TARMA,TARMA,CEM TARMA,303,36,267,120,128,55,18,6,12,32,10,22,69,14,55,76,2,74,94,1,93,14,3,11
2021,17/01/2021,HUANCAVELICA,TAYACAJA,PAMPAS,CEM TAYACAJA,243,29,214,83,121,39,11,4,7,32,16,16,36,7,29,73,0,73,85,1,84,6,1,5
2021,17/01/2021,HUÁNUCO,LEONCIO PRADO,RUPA-RUPA,CEM TINGO MARIA,458,49,409,213,110,135,14,7,7,43,15,28,123,11,112,113,4,109,152,9,143,13,3,10
2021,17/01/2021,SAN MARTÍN,TOCACHE,UCHIZA,CEM TOCACHE,201,16,185,77,81,43,9,2,7,20,2,18,28,0,28,49,6,43,84,4,80,11,2,9
2021,17/01/2021,LA LIBertAD,TRUJILLO,TRUJILLO,CEM TRUJILLO,846,134,712,389,303,154,53,21,32,134,46,88,155,34,121,167,7,160,271,7,264,66,19,47
2021,17/01/2021,TUMBES,TUMBES,TUMBES,CEM TUMBES,220,25,195,128,70,22,19,8,11,30,8,22,37,9,28,45,0,45,85,0,85,4,0,4
2021,17/01/2021,AMAZONAS,UTCUBAMBA,BAGUA GRANDE,CEM UTCUBAMBA,220,24,196,70,92,58,16,8,8,28,9,19,49,5,44,58,2,56,62,0,62,7,0,7
2021,17/01/2021,CALLAO,CALLAO,VENTANILLA,CEM VENTANILLA,409,39,370,205,117,87,22,9,13,51,16,35,86,9,77,92,1,91,129,2,127,29,2,27
2021,17/01/2021,AYACUCHO,VILCAS HUAMÁN,VILCAS HUAMÁN,CEM VILCAS HUAMAN,134,10,124,64,47,23,9,3,6,5,3,2,30,3,27,31,1,30,49,0,49,10,0,10
2021,17/01/2021,LIma,LIma,VILLA EL SALVADOR,CEM VILLA EL SALVADOR,2151,388,1763,1071,814,266,133,63,70,310,140,170,306,67,239,464,23,441,753,40,713,185,55,130
2021,17/01/2021,LIma,LIma,VILLA MARÍA DEL TRIUNFO,CEM VILLA MARIA DEL TRIUNFO,785,204,581,443,292,50,106,50,56,143,61,82,104,42,62,99,9,90,247,12,235,86,30,56
2021,17/01/2021,PASCO,OXAPAMPA,VILLA RICA,CEM VILLA RICA,298,34,264,130,102,66,11,2,9,32,11,21,48,5,43,80,2,78,110,9,101,17,5,12
2021,17/01/2021,JUNÍN,YAULI,LA OROYA,CEM YAULI,93,20,73,54,31,8,8,4,4,10,6,4,20,8,12,17,1,16,38,1,37,0,0,0
2021,17/01/2021,LIma,YAUYOS,YAUYOS,CEM YAUYOS,80,10,70,34,38,8,1,1,0,3,1,2,6,0,6,17,0,17,35,2,33,18,6,12
2021,17/01/2021,LORETO,ALTO AMAZONAS,YURIMAGUAS,CEM YURIMAGUAS,124,6,118,60,52,12,1,0,1,3,1,2,10,1,9,41,1,40,64,2,62,5,1,4
2021,17/01/2021,PUNO,AZÁNGARO,AZÁNGARO,CEM AZANGARO,151,16,135,98,43,10,4,1,3,14,6,8,23,5,18,34,1,33,69,1,68,7,2,5
2021,17/01/2021,CALLAO,CALLAO,BELLAVISTA,BELLAVISTA,459,107,352,264,142,53,32,12,20,59,33,26,59,15,44,72,0,72,133,7,126,104,40,64
2021,17/01/2021,JUNÍN,CHUPACA,CHUPACA,CEM CHUPACA,336,75,261,126,159,51,53,20,33,73,35,38,66,14,52,52,2,50,72,0,72,20,4,16
2021,17/01/2021,LA LIBERTAD,PACASMAYO,SAN PEDRO DE LLOC,CEM PACASMAYO,194,32,162,106,66,22,11,5,6,26,12,14,26,5,21,34,2,32,74,2,72,23,6,17
2021,17/01/2021,CAJAMARCA,SAN IGNACIO,SAN IGNACIO,CEM SAN IGNACIO,237,21,216,107,83,47,3,1,2,27,5,22,35,5,30,53,1,52,100,2,98,19,7,12
2021,17/01/2021,AYACUCHO,VÍCTOR FAJARDO,HUANCAPI,CEM VÍCTOR FAJARDO,134,22,112,57,59,18,9,3,6,21,11,10,24,6,18,27,1,26,45,1,44,8,0,8
2021,17/01/2021,AMAZONAS,LUYA,LAMUD,CEM LUYA,192,8,184,84,76,32,12,1,11,20,0,20,42,3,39,31,0,31,59,1,58,28,3,25
2021,17/01/2021,LIma,LIma,PUENTE PIEDRA,CEM PUENTE PIEDRA,525,82,443,180,211,134,61,24,37,88,33,55,114,17,97,98,3,95,140,1,139,24,4,20
2021,17/01/2021,PUNO,CHUCUITO,JULI,CEM CHUCUITO,197,16,181,58,120,19,0,0,0,16,7,9,18,2,16,58,1,57,79,2,77,26,4,22
2021,17/01/2021,LIma,HUARAL,HUARAL,CEM HUARAL,504,57,447,229,210,65,5,1,4,55,24,31,79,16,63,119,3,116,217,6,211,29,7,22
2021,17/01/2021,SAN MARTÍN,LAMAS,LAMAS,CEM LAMAS,419,60,359,209,149,61,31,13,18,61,28,33,88,8,80,98,2,96,127,5,122,14,4,10
2021,17/01/2021,HUÁNUCO,HUAMALÍES,LLATA,CEM HUAMALIES,371,59,312,112,180,79,14,9,5,40,17,23,77,10,67,73,6,67,144,9,135,23,8,15
2021,17/01/2021,CUSCO,QUISPICANCHI,URCOS,CEM QUISPICANCHI,447,60,387,306,106,35,21,7,14,43,19,24,62,21,41,103,3,100,189,6,183,29,4,25
2021,17/01/2021,PIURA,PAITA,PAITA,CEM PAITA,262,16,246,143,81,38,3,0,3,5,2,3,37,5,32,87,2,85,121,7,114,9,0,9
2021,17/01/2021,ÁNCAsh,YUNGAY,YUNGAY,CEM YUNGAY,118,32,86,52,48,18,11,9,2,12,2,10,22,10,12,31,4,27,37,5,32,5,2,3
2021,17/01/2021,ÁNCAsh,HUARI,HUARI,CEM HUARI,206,23,183,47,130,29,10,5,5,19,8,11,34,7,27,48,1,47,84,1,83,11,1,10
2021,17/01/2021,MOQUEGUA,ILO,ILO,CEM ILO,241,25,216,136,85,20,6,2,4,20,12,8,22,5,17,55,0,55,127,6,121,11,0,11
2021,17/01/2021,PIURA,TALARA,PARIÑAS,CEM TALARA,543,89,454,268,227,48,17,12,5,41,14,27,76,25,51,139,9,130,222,19,203,48,10,38
2021,17/01/2021,PIURA,HUANCABAMBA,HUANCABAMBA,CEM HUANCABAMBA,223,20,203,67,110,46,5,3,2,19,3,16,44,1,43,61,4,57,78,4,74,16,5,11
2021,17/01/2021,HUÁNUCO,PACHITEA,PANAO,CEM PACHITEA,200,21,179,115,54,31,13,6,7,33,8,25,43,5,38,48,0,48,62,1,61,1,1,0
2021,17/01/2021,HUANCAVELICA,ANGARAES,LIRCAY,CEM ANGARAES,183,18,165,81,70,32,2,1,1,25,7,18,34,8,26,53,0,53,64,0,64,5,2,3
2021,17/01/2021,CAJAMARCA,CUTERVO,CUTERVO,CEM CUTERVO,255,27,228,100,122,33,5,4,1,24,9,15,38,6,32,62,0,62,110,2,108,16,6,10
2021,17/01/2021,LA LIBERTAD,CHEpén,CHEpén,CEM CHEPEN,289,38,251,117,108,64,10,3,7,33,12,21,53,6,47,59,0,59,118,10,108,16,7,9
2021,17/01/2021,CAJAMARCA,HUALGAYOC,BAMBAMARCA,CEM HUALGAYOC,251,35,216,106,116,29,19,12,7,18,8,10,43,11,32,44,0,44,107,1,106,20,3,17
2021,17/01/2021,LORETO,MARISCAL RAMÓN CASTILLA,RAMÓN CASTILLA,CEM CABALLO COCHA,7,0,7,4,3,0,0,0,0,0,0,0,0,0,0,3,0,3,4,0,4,0,0,0
2021,17/01/2021,AREQUIPA,ISLAY,MOLLENDO,CEM ISLAY,291,35,256,182,80,29,10,5,5,42,17,25,31,5,26,54,0,54,124,3,121,30,5,25
2021,17/01/2021,LA LIBertAD,VIRÚ,VIRÚ,CEM VIRU,206,11,195,60,93,53,4,0,4,21,3,18,45,6,39,53,0,53,78,1,77,5,1,4
2021,17/01/2021,ICA,CHINCHA,PUEBLO NUEVO,CEM PUEBLO NUEVO,360,42,318,187,141,32,5,3,2,37,15,22,43,11,32,91,3,88,163,7,156,21,3,18
2021,17/01/2021,ÁNCAsh,CASMA,CASMA,CEM CASMA,257,87,170,161,79,17,74,36,38,38,24,14,36,18,18,28,0,28,53,2,51,28,7,21
2021,17/01/2021,PUNO,SAN ANTONIO DE PUTINA,PUTINA,CEM SAN ANTONIO DE PUTINA,151,11,140,55,82,14,0,0,0,14,6,8,15,2,13,41,0,41,78,1,77,3,2,1
2021,17/01/2021,LIMA,LIMA,RÍMAC,CEM RÍMAC,444,98,346,177,171,96,73,33,40,99,37,62,88,23,65,58,1,57,102,1,101,24,3,21
2021,17/01/2021,CUSCO,ANTA,ANTA,CEM ANTA,454,56,398,209,216,29,7,3,4,31,19,12,54,16,38,62,1,61,263,7,256,37,10,27
2021,17/01/2021,TACNA,CANDARAVE,CANDARAVE,CEM CANDARAVE,138,26,112,103,24,11,11,4,7,9,5,4,14,4,10,19,0,19,55,4,51,30,9,21
2021,17/01/2021,CAJAMARCA,CAJABAMBA,CAJABAMBA,CEM CAJABAMBA,144,18,126,79,44,21,2,0,2,13,6,7,21,2,19,32,0,32,63,3,60,13,7,6
2021,17/01/2021,APURÍMAC,COTABAMBAS,TAMBOBAMBA,CEM COTABAMBAS,303,14,289,90,165,48,1,1,0,18,4,14,50,5,45,83,1,82,141,1,140,10,2,8
2021,17/01/2021,PUNO,CARABAYA,MACUSANI,CEM CARABAYA,203,18,185,50,117,36,7,3,4,18,8,10,31,4,27,49,1,48,93,2,91,5,0,5
2021,17/01/2021,PUNO,SANDIA,SANDIA,CEM SANDIA,176,9,167,52,87,37,4,0,4,15,2,13,44,3,41,36,1,35,68,3,65,9,0,9
2021,17/01/2021,LORETO,DATEM DEL MARAÑON,BARRANCA,CEM DATEM DEL MARAÑON,169,13,156,48,92,29,1,0,1,12,3,9,28,5,23,56,2,54,72,3,69,0,0,0
2021,17/01/2021,CUSCO,URUBAMBA,URUBAMBA,CEM URUBAMBA,246,23,223,125,80,41,5,0,5,31,10,21,35,4,31,56,2,54,109,7,102,10,0,10
2021,17/01/2021,JUNÍN,JUNÍN,JUNÍN,CEM JUNIN,135,24,111,68,52,15,15,9,6,18,6,12,21,1,20,32,1,31,37,6,31,12,1,11
2021,17/01/2021,LIMA,BARRANCA,BARRANCA,CEM BARRANCA,280,32,248,112,134,34,8,3,5,23,8,15,48,12,36,82,1,81,101,3,98,18,5,13
2021,17/01/2021,AMAZONAS,CONDORCANQUI,NIEVA,CEM CONDORCANQUI,227,21,206,69,112,46,8,5,3,36,9,27,44,2,42,80,3,77,59,2,57,0,0,0
2021,17/01/2021,HUÁNUCO,DOS DE MAYO,LA UNIÓN,CEM DOS DE MAYO,311,32,279,118,137,56,16,6,10,44,10,34,53,5,48,74,1,73,109,5,104,15,5,10
2021,17/01/2021,PUNO,HUANCANÉ,HUANCANÉ,CEM HUANCANE,250,32,218,118,120,12,2,0,2,18,13,5,44,8,36,45,2,43,113,2,111,28,7,21
2021,17/01/2021,ÁNCAsh,HUAYLAS,CARAZ,CEM HUAYLAS,210,32,178,79,83,48,17,6,11,32,10,22,56,5,51,41,1,40,49,0,49,15,10,5
2021,17/01/2021,HUANCAVELICA,HUAYTARA,HUAYTARA,CEM HUAYTARA,86,15,71,32,35,19,12,5,7,10,4,6,15,5,10,16,0,16,28,0,28,5,1,4
2021,17/01/2021,PUNO,LAMPA,LAMPA,CEM LAMPA,144,27,117,51,78,15,11,9,2,12,5,7,18,1,17,28,1,27,59,3,56,16,8,8
2021,17/01/2021,UCAYALI,ATALAYA,RAYMONDI,CEM ATALAYA,254,15,239,97,106,51,4,0,4,25,5,20,48,3,45,66,0,66,104,6,98,7,1,6
2021,17/01/2021,ÁNCAsh,CARHUAZ,CARHUAZ,CEM CARHUAZ,267,39,228,108,124,35,9,3,6,23,12,11,50,12,38,51,1,50,113,6,107,21,5,16
2021,17/01/2021,CAJAMARCA,CELENDÍN,CELENDÍN,CEM CELENDÍN,124,7,117,48,48,28,2,0,2,4,1,3,25,2,23,27,0,27,57,1,56,9,3,6
2021,17/01/2021,LORETO,REQUENA,REQUENA,CEM REQUENA,63,3,60,19,20,24,1,0,1,2,0,2,18,2,16,15,0,15,25,0,25,2,1,1
2021,17/01/2021,SAN MARTÍN,MARISCAL CÁCERES,JUANJUI,CEM MARISCAL CÁCERES,271,38,233,122,86,63,8,5,3,31,10,21,68,7,61,55,2,53,99,11,88,10,3,7
2021,17/01/2021,SAN MARTÍN,BELLAVISTA,BELLAVISTA,CEM BELLAVISTA-SAN MARTIN,441,69,372,209,175,57,35,20,15,69,23,46,86,13,73,107,1,106,117,2,115,27,10,17
2021,17/01/2021,PASCO,DANIEL ALCIDES CARRIÓN,YANAHUANCA,CEM DANIEL ALCIDES CARRION,183,19,164,73,79,31,8,3,5,17,6,11,41,6,35,34,2,32,77,0,77,6,2,4
2021,17/01/2021,TACNA,JORGE BASADRE,LOCUMBA,CEM JORGE BASADRE,57,6,51,29,21,7,1,1,0,3,3,0,10,0,10,10,0,10,31,2,29,2,0,2
2021,17/01/2021,TUMBES,ZARUMILLA,ZARUMILLA,CEM ZARUMILLA,488,46,442,237,232,19,4,0,4,36,16,20,60,16,44,150,2,148,229,10,219,9,2,7
2021,17/01/2021,JUNÍN,SATIPO,PANGOA,CEM PANGOA,458,65,393,181,196,81,10,6,4,38,11,27,87,10,77,112,6,106,181,21,160,30,11,19
2021,17/01/2021,AYACUCHO,HUANTA,SIVIA,CEM SIVIA,136,13,123,45,70,21,11,7,4,12,3,9,21,1,20,44,1,43,42,1,41,6,0,6
2021,17/01/2021,CUSCO,CALCA,CALCA,CEM CALCA,276,36,240,167,89,20,8,3,5,24,13,11,42,13,29,60,0,60,120,5,115,22,2,20
2021,17/01/2021,LA LIBERTAD,GRAN CHIMU,CASCAS,CEM GRAN CHIMU,80,5,75,37,31,12,3,2,1,5,1,4,8,0,8,26,1,25,37,1,36,1,0,1
2021,17/01/2021,ICA,ICA,SANTIAGO,CEM SANTIAGO,227,61,166,98,101,28,29,10,19,46,24,22,35,5,30,38,0,38,53,3,50,26,19,7
2021,17/01/2021,ICA,ICA,PARCONA,CEM PARCONA,408,73,335,177,182,49,31,21,10,38,14,24,59,13,46,86,3,83,155,7,148,39,15,24
2021,17/01/2021,HUANCAVELICA,CASTROVIRREYNA,CASTROVIRREYNA,CEM CASTROVIRREYNA,203,57,146,119,63,21,34,19,15,40,16,24,39,14,25,37,3,34,39,3,36,14,2,12
2021,17/01/2021,CAJAMARCA,CONTUMAZA,CONTUMAZA,CEM CONTUMAZA,57,8,49,31,19,7,3,3,0,12,2,10,9,2,7,15,0,15,17,1,16,1,0,1
2021,17/01/2021,HUÁNUCO,PUERTO INCA,PUERTO INCA,CEM PUERTO INCA,511,31,480,125,273,113,15,2,13,52,8,44,82,2,80,158,3,155,181,12,169,23,4,19
2021,17/01/2021,LORETO,UCAYALI,CONTAMANA,CEM UCAYALI,199,9,190,50,110,39,1,0,1,13,4,9,38,4,34,42,1,41,97,0,97,8,0,8
2021,17/01/2021,CUSCO,PAUCARTAMBO,PAUCARTAMBO,CEM PAUCARTAMBO,327,65,262,169,134,24,30,15,15,61,30,31,40,10,30,60,1,59,126,7,119,10,2,8
2021,17/01/2021,SAN MARTÍN,PICOTA,PICOTA,CEM PICOTA,238,72,166,167,48,23,42,25,17,62,29,33,50,14,36,34,1,33,48,2,46,2,1,1
2021,17/01/2021,LA LIBertAD,PATAZ,TAYABAMBA,CEM PATAZ,190,9,181,47,99,44,8,3,5,17,4,13,38,0,38,59,0,59,65,2,63,3,0,3
2021,17/01/2021,HUÁNUCO,LAURICOCHA,JESÚS,CEM LAURICOCHA,213,36,177,96,84,33,13,10,3,23,10,13,35,8,27,46,4,42,75,1,74,21,3,18
2021,17/01/2021,CUSCO,CANAS,YANAOCA,CEM CANAS,195,21,174,86,93,16,9,5,4,19,7,12,28,4,24,39,3,36,90,0,90,10,2,8
2021,17/01/2021,AMAZONAS,RODRÍGUEZ DE MENDOZA,SAN NICOLAS,CEM RODRÍGUEZ DE MENDOZA,218,32,186,99,86,33,9,6,3,23,7,16,31,4,27,41,2,39,96,6,90,18,7,11
2021,17/01/2021,MOQUEGUA,GENERAL SÁNCHEZ CERRO,OMATE,CEM GENERAL SANCHEZ CERRO,140,36,104,66,52,22,7,4,3,20,14,6,27,10,17,21,1,20,46,4,42,19,3,16
2021,17/01/2021,HUÁNUCO,YAROWILCA,CHAVINILLO,CEM YAROWILCA,206,15,191,109,80,17,4,3,1,20,7,13,29,2,27,43,2,41,88,0,88,22,1,21
2021,17/01/2021,LA LIBertAD,JULCÁN,JULCÁN,CEM JULCÁN,84,19,65,28,45,11,4,1,3,10,3,7,21,6,15,24,6,18,25,3,22,0,0,0
2021,17/01/2021,SAN MARTÍN,EL DORADO,SAN JOSÉ DE SISA,CEM EL DORADO,232,62,170,149,69,14,45,24,21,48,27,21,40,9,31,48,2,46,46,0,46,5,0,5
2021,17/01/2021,CAJAMARCA,SAN MIGUEL,SAN MIGUEL,CEM SAN MIGUEL,136,6,130,54,63,19,1,0,1,9,5,4,23,1,22,37,0,37,63,0,63,3,0,3
2021,17/01/2021,CAJAMARCA,SAN MARCOS,PEDRO GALVEZ,CEM SAN MARCOS,280,22,258,153,104,23,1,1,0,17,2,15,32,3,29,59,1,58,136,9,127,35,6,29
2021,17/01/2021,AREQUIPA,CASTILLA,APLAO,CEM CASTILLA,208,36,172,112,62,34,8,5,3,25,10,15,37,8,29,21,0,21,86,5,81,31,8,23
2021,17/01/2021,AREQUIPA,CARAVELI,CARAVELI,CEM CARAVELI,170,23,147,59,78,33,9,4,5,20,10,10,21,1,20,49,1,48,68,7,61,3,0,3
2021,17/01/2021,ÁNCAsh,BOLOGNESI,CHIQUIAN,CEM BOLOGNESI,113,52,61,49,47,17,26,15,11,38,15,23,34,16,18,26,5,21,-13,0,-13,2,1,1
2021,17/01/2021,ÁNCAsh,SIHUAS,SIHUAS,CEM SIHUAS,200,25,175,75,92,33,4,3,1,15,5,10,37,3,34,34,0,34,90,7,83,20,7,13
2021,17/01/2021,ÁNCAsh,PALLASCA,CABANA,CEM PALLASCA,135,40,95,85,43,7,18,11,7,28,18,10,31,9,22,16,0,16,34,1,33,8,1,7
2021,17/01/2021,LA LIBertAD,TRUJILLO,EL PORVENIR,CEM EL PORVENIR,868,112,756,462,295,111,66,30,36,97,37,60,164,23,141,190,4,186,316,9,307,35,9,26
2021,17/01/2021,CUSCO,LA CONVENCIÓN,ECHARATE,CEM ECHARATI,262,30,232,101,111,50,10,6,4,29,9,20,57,4,53,38,3,35,107,2,105,21,6,15
2021,17/01/2021,ÁNCAsh,MARISCAL LUZURIAGA,PISCOBAMBA,CEM MARISCAL LUZURIAGA,143,16,127,71,60,12,6,3,3,15,4,11,22,4,18,35,1,34,57,4,53,8,0,8
2021,17/01/2021,AREQUIPA,CONDESUYOS,CHUQUIBAMBA,CEM CONDESUYOS,146,29,117,77,39,30,10,4,6,23,12,11,34,10,24,27,0,27,47,1,46,5,2,3
2021,17/01/2021,SAN MARTÍN,HUALLAGA,SAPOSOA,CEM HUALLAGA,198,26,172,85,75,38,2,1,1,17,6,11,30,4,26,56,1,55,76,5,71,17,9,8
2021,17/01/2021,PUNO,YUNGUYO,ACORA,CEM ACORA,167,24,143,59,87,21,7,3,4,14,8,6,19,4,15,19,0,19,77,2,75,31,7,24
2021,17/01/2021,APURÍMAC,AYMARAES,CHALHUANCA,CEM AYMARAES,153,24,129,77,61,15,4,2,2,16,7,9,21,3,18,27,3,24,72,6,66,13,3,10
2021,17/01/2021,ÁNCAsh,ASUNCIÓN,CHACAS,CEM ASUNCION,190,47,143,147,35,8,27,13,14,27,13,14,43,10,33,33,5,28,50,6,44,10,0,10
2021,17/01/2021,CAJAMARCA,SAN PABLO,SAN PABLO,CEM SAN PABLO,94,13,81,48,39,7,8,3,5,3,1,2,16,4,12,20,0,20,34,1,33,13,4,9
2021,17/01/2021,LIMA,OYÓN,OYÓN,CEM OYON,130,7,123,52,59,19,1,1,0,8,2,6,19,1,18,25,1,24,69,1,68,8,1,7
2021,17/01/2021,CUSCO,ACOMAYO,ACOMAYO,CEM ACOMAYO,206,26,180,106,84,16,6,2,4,18,11,7,35,7,28,24,1,23,109,1,108,14,4,10
2021,17/01/2021,HUÁNUCO,MARAÑON,HUACRACHUCO,CEM MARAÑON,122,14,108,58,53,11,5,5,0,9,5,4,20,3,17,38,0,38,41,1,40,9,0,9
2021,17/01/2021,LIMA,LIMA,SANTA ROSA,CEM SANTA ROSA,116,15,101,67,29,20,10,6,4,20,6,14,23,3,20,17,0,17,41,0,41,5,0,5
2021,17/01/2021,ÁNCAsh,POMABAMBA,POMABAMBA,CEM POMABAMBA,214,20,194,99,102,13,5,3,2,30,9,21,22,4,18,53,1,52,87,1,86,17,2,15
2021,17/01/2021,TACNA,TARATA,TARATA,CEM TARATA,125,41,84,78,36,11,12,5,7,23,13,10,26,11,15,14,0,14,28,3,25,22,9,13
2021,17/01/2021,TUMBES,CONTRALMIRANTE VILLAR,ZORRITOS,CEM CONTRALMIRANTE VILLAR,139,28,111,85,43,11,13,2,11,25,13,12,23,6,17,23,1,22,52,4,48,3,2,1
2021,17/01/2021,LIMA,CANTA,CANTA,CEM CANTA,97,11,86,60,27,10,6,2,4,15,3,12,18,5,13,12,0,12,41,0,41,5,1,4
2021,17/01/2021,ICA,PALPA,PALPA,CEM PALPA,209,48,161,75,112,22,40,14,26,47,20,27,40,11,29,20,2,18,54,1,53,8,0,8
2021,17/01/2021,PUNO,MOHO,MOhO,CEM MOHO,77,6,71,43,30,4,0,0,0,2,0,2,10,2,8,14,2,12,43,0,43,8,2,6
2021,17/01/2021,HUÁNUCO,HUACAYBAMBA,HUACAYBAMBA,CEM HUACAYBAMBA,202,49,153,93,89,20,25,11,14,24,13,11,34,7,27,42,2,40,57,4,53,20,12,8
2021,17/01/2021,LIMA,CAJATAMBO,CAJATAMBO,CEM CAJATAMBO,68,8,60,20,39,9,2,2,0,6,0,6,6,3,3,12,0,12,34,3,31,8,0,8
2021,17/01/2021,ÁNCAsh,CARLOS FERMIN FITZCARRALD,SAN LUIS,CEM CARLOS FERMIN FITZCARRALD,139,12,127,84,46,9,6,4,2,19,5,14,23,2,21,30,1,29,54,0,54,7,0,7
2021,17/01/2021,ÁNCAsh,ANTONIO RAYMONDI,LLAMELLIN,CEM ANTONIO RAYMONDI,132,15,117,66,61,5,4,4,0,9,2,7,17,3,14,27,0,27,60,3,57,15,3,12
2021,17/01/2021,CAJAMARCA,SANTA CRUZ,SANTA CRUZ,CEM SANTA CRUZ,121,8,113,44,57,20,0,0,0,10,3,7,19,2,17,22,1,21,61,1,60,9,1,8
2021,17/01/2021,AREQUIPA,LA UNIÓN,COTAHUASI,CEM LA UNIÓN,228,35,193,108,92,28,16,9,7,35,14,21,39,5,34,37,0,37,73,2,71,28,5,23
2021,17/01/2021,LIMA,LIMA,LURIGANCHO,CEM CHOSICA,335,64,271,143,132,60,16,8,8,53,28,25,64,13,51,66,3,63,113,3,110,23,9,14
2021,17/01/2021,LIMA,LIMA,CIENEGUILLA,CEM CIENEGUILLA,326,94,232,132,149,45,47,23,24,72,35,37,61,22,39,44,2,42,69,3,66,33,9,24
2021,17/01/2021,ÁNCASH,RECUAY,RECUAY,CEM RECUAY,145,21,124,66,63,16,7,3,4,19,6,13,16,3,13,30,2,28,62,5,57,11,2,9
2021,17/01/2021,LORETO,MAYNAS,NAPO,CEM NAPO,88,27,61,65,17,6,9,6,3,24,11,13,23,9,14,9,0,9,21,1,20,2,0,2
2021,17/01/2021,ÁNCAsh,AIJA,AIJA,CEM AIJA,65,14,51,48,13,4,11,5,6,11,5,6,15,4,11,4,0,4,18,0,18,6,0,6
2021,17/01/2021,ÁNCAsh,OCROS,OCROS,CEM OCROS,62,15,47,27,27,8,5,2,3,9,6,3,9,2,7,10,0,10,22,2,20,7,3,4
2021,17/01/2021,LA LIBertAD,BOLIVAR,BOLIVAR,CEM BOLIVAR,262,65,197,121,122,19,38,22,16,51,19,32,59,16,43,43,4,39,65,4,61,6,0,6
2021,17/01/2021,CUSCO,PARURO,PARURO,CEM PARURO,290,23,267,139,124,27,7,0,7,25,8,17,47,7,40,58,3,55,136,2,134,17,3,14
2021,17/01/2021,UCAYALI,PURÚS,PURÚS,CEM PURUS,33,17,16,23,7,3,11,8,3,12,4,8,6,4,2,12,0,12,-8,1,-9,0,0,0
2021,17/01/2021,AMAZONAS,BONGARÁ,JUMBILLA,CEM BONGARÁ,140,15,125,65,55,20,0,0,0,11,3,8,21,4,17,34,2,32,58,2,56,16,4,12
2021,17/01/2021,LORETO,PUTUMAYO,PUTUMAYO,CEM PUTUMAYO,38,5,33,11,17,10,1,0,1,1,0,1,11,1,10,12,3,9,12,0,12,1,1,0
2021,17/01/2021,ÁNCAsh,CORONGO,CORONGO,CEM CORONGO,125,33,92,62,52,11,26,18,8,17,6,11,21,3,18,12,0,12,35,0,35,14,6,8
2021,17/01/2021,JUNÍN,CHANCHAMAYO,PICHANAQUI,CEM PICHANAQUI,210,11,199,81,92,37,1,1,0,11,2,9,31,4,27,65,1,64,98,2,96,4,1,3
2021,17/01/2021,LIMA,LIMA,SAN JUAN DE LURIGANCHO,CEM ZARATE,579,104,475,222,184,173,49,26,23,108,46,62,113,17,96,131,3,128,155,2,153,23,10,13
2021,17/01/2021,CUSCO,CUSCO,SAN SEBASTIÁN,CEM SAN SEBASTIÁN,368,91,277,186,154,28,70,32,38,69,33,36,48,17,31,55,4,51,107,4,103,19,1,18
2021,17/01/2021,AREQUIPA,CAYLLOMA,MAJES,CEM MAJES,314,30,284,98,117,99,16,3,13,42,13,29,60,10,50,66,0,66,115,1,114,15,3,12
2021,17/01/2021,AREQUIPA,AREQUIPA,MARIANO MELGAR,CEM MARIANO MELGAR,545,106,439,345,150,50,32,19,13,71,32,39,95,22,73,94,5,89,196,16,180,57,12,45
2021,17/01/2021,LA LIBertAD,TRUJILLO,FLORENCIA DE MORA,CEM FLORENCIA DE MORA,243,54,189,121,96,26,37,20,17,45,16,29,49,10,39,45,0,45,51,2,49,16,6,10
2021,17/01/2021,LIMA,LIMA,LA VÍCTORIA,CEM LA VÍCTORIA,614,192,422,182,356,76,110,55,55,113,61,52,136,35,101,48,3,45,119,9,110,88,29,59
2021,17/01/2021,LIMA,LIMA,SAN MIGUEL,CEM SAN MIGUEL - LIMA,256,46,210,110,112,34,23,9,14,31,14,17,43,7,36,27,0,27,82,2,80,50,14,36
2021,17/01/2021,MADRE DE DIOS,TAMBOPATA,INAMBARI,CEM INAMBARI,200,16,184,72,70,58,4,0,4,34,8,26,46,7,39,42,0,42,69,1,68,5,0,5
2021,17/01/2021,CUSCO,CUSCO,SAYLLA,CEM SAYLLA,252,39,213,161,79,12,14,8,6,44,19,25,32,7,25,49,1,48,104,4,100,9,0,9
2021,17/01/2021,LORETO,MAYNAS,SAN JUAN BAUTISTA,CEM SAN JUAN BAUTISTA,205,26,179,131,25,49,5,3,2,22,4,18,52,8,44,43,3,40,76,4,72,7,4,3
2021,17/01/2021,AREQUIPA,AREQUIPA,CERRO COLORADO,CEM COMISARÍA CERRO COLORADO,1523,292,1231,632,589,302,124,66,58,262,122,140,294,57,237,270,7,263,502,15,487,71,25,46
2021,17/01/2021,LAMBAYEQUE,CHICLAYO,JOSE LEONARDO ORTIZ,CEM COMISARÍA JOSE LEONARDO ORTIZ,457,42,415,223,186,48,13,7,6,21,10,11,67,14,53,129,3,126,205,0,205,22,8,14
2021,17/01/2021,LA LIBertAD,TRUJILLO,HUANCHACO,CEM COMISARÍA EL MILAGRO,413,70,343,184,156,73,26,14,12,74,35,39,87,16,71,90,3,87,118,1,117,18,1,17
2021,17/01/2021,LIMA,CAÑETE,IMPERIAL,CEM COMISARÍA IMPERIAL,609,64,545,269,285,55,22,13,9,47,16,31,68,10,58,199,8,191,237,5,232,36,12,24
2021,17/01/2021,LIMA,LIMA,VILLA MARIA DEL TRIUNFO,CEM COMISARÍA VILLA MARIA DEL TRIUNFO,1225,303,922,619,442,164,97,47,50,229,113,116,187,58,129,193,16,177,395,19,376,124,50,74
2021,17/01/2021,AYACUCHO,HUAMANGA,CARMEN ALTO,CEM COMISARÍA CARMEN ALTO,568,18,550,159,364,45,7,2,5,14,2,12,59,6,53,216,1,215,251,5,246,21,2,19
2021,17/01/2021,AYACUCHO,HUANTA,HUANTA,CEM COMISARÍA HUANTA,810,98,712,347,347,116,30,17,13,48,24,24,148,20,128,238,7,231,302,18,284,44,12,32
2021,17/01/2021,LIMA,LIMA,CHORRILLOS,CEM COMISARÍA CHORRILLOS,1501,352,1149,658,639,204,167,68,99,298,128,170,293,82,211,219,12,207,389,16,373,135,46,89
2021,17/01/2021,TACNA,TACNA,CIUDAD NUEVA,CEM COMISARÍA CIUDAD NUEVA,437,45,392,188,175,74,13,3,10,44,13,31,56,10,46,100,2,98,200,10,190,24,7,17
2021,17/01/2021,LIMA,LIMA,SANTIAGO DE SURCO,CEM COMISARÍA SAGITARIO,416,57,359,263,104,49,22,16,6,35,14,21,59,21,38,74,0,74,190,2,188,36,4,32
2021,17/01/2021,LIMA,LIMA,SAN JUAN DE LURIGANCHO,CEM COMISARÍA CANTO REY,447,27,420,212,157,78,21,6,15,37,12,25,62,4,58,118,0,118,184,3,181,25,2,23
2021,17/01/2021,CALLAO,CALLAO,CARMEN DE LA LEGUA,CEM COMISARÍA CARMEN DE LA LEGUA REYNOSO,336,66,270,190,101,45,30,10,20,43,25,18,47,16,31,76,4,72,113,6,107,27,5,22
2021,17/01/2021,CAJAMARCA,CAJAMARCA,CAJAMARCA,CEM COMISARÍA DE FAMILIA CAJAMARCA,747,61,686,308,373,66,18,7,11,41,12,29,92,10,82,200,3,197,351,15,336,45,14,31
2021,17/01/2021,CUSCO,CUSCO,WANCHAQ,CEM COMISARÍA DE FAMILIA WANCHAQ CUSCO,677,156,521,435,215,27,37,20,17,96,53,43,80,31,49,117,7,110,277,27,250,70,18,52
2021,17/01/2021,LIMA,LIMA,EL AGUSTINO,CEM COMISARÍA DE FAMILIA EL AGUSTINO,504,107,397,239,196,69,50,21,29,89,42,47,97,26,71,79,1,78,145,9,136,44,8,36
2021,17/01/2021,JUNÍN,HUANCAYO,HUANCAYO,CEM COMISARÍA HUANCAYO,1071,119,952,478,447,146,35,22,13,64,24,40,131,19,112,306,5,301,453,20,433,82,29,53
2021,17/01/2021,LORETO,MAYNAS,IQUITOS,CEM COMISARÍA IQUITOS,408,24,384,154,153,101,10,5,5,31,8,23,72,6,66,98,1,97,175,0,175,22,4,18
2021,17/01/2021,LIMA,LIMA,LOS OLIVOS,CEM COMISARÍA LAURA CALLER,1041,196,845,562,341,138,92,41,51,159,72,87,138,32,106,198,6,192,374,8,366,80,37,43
2021,17/01/2021,LIMA,LIMA,SAN MARTIN DE PORRES,CEM COMISARÍA SAN MARTIN DE PORRES,974,197,777,520,353,101,96,36,60,118,57,61,136,30,106,190,5,185,322,35,287,112,34,78
2021,17/01/2021,LIMA,LIMA,CARABAYLLO,CEM COMISARÍA SAN PEDRO DE CARABAYLLO,831,175,656,368,310,153,111,56,55,164,60,104,155,40,115,138,6,132,245,7,238,18,6,12
2021,17/01/2021,CAJAMARCA,CAJAMARCA,ASUNCION,CEM COMISARÍA ASUNCIÓN,53,7,46,20,25,8,1,1,0,4,2,2,11,4,7,13,0,13,20,0,20,4,0,4
2021,17/01/2021,LIMA,LIMA,COMAS,CEM COMISARÍA DE FAMILIA COLLIQUE,817,103,714,357,330,130,39,17,22,84,28,56,130,25,105,204,5,199,300,8,292,60,20,40
2021,17/01/2021,TACNA,TACNA,CORONEL GREGORIO ALBARRACIN LANCHIPA,CEM COMISARÍA GREGORIO ALBARRACÍN,845,61,784,283,366,196,18,7,11,71,26,45,132,16,116,195,4,191,409,7,402,20,1,19
2021,17/01/2021,PIURA,SULLANA,SULLANA,CEM COMISARÍA NUEVA SULLANA,257,22,235,91,131,35,4,2,2,27,7,20,37,7,30,70,0,70,111,3,108,8,3,5
2021,17/01/2021,CUSCO,CANCHIS,SICUANI,CEM COMISARIA SICUANI,534,48,486,215,290,29,4,4,0,22,10,12,48,12,36,140,3,137,287,11,276,33,8,25
2021,17/01/2021,JUNÍN,SATIPO,MAZAMARI,CEM COMISARÍA MAZAMARI,502,57,445,172,221,109,9,4,5,46,16,30,99,6,93,121,6,115,215,17,198,12,8,4
2021,17/01/2021,MOQUEGUA,MARISCAL NIETO,SAMEGUA,CEM COMISARÍA SAMEGUA,264,29,235,106,130,28,5,3,2,21,12,9,25,4,21,71,0,71,126,5,121,16,5,11
2021,17/01/2021,LIMA,LIMA,SANTA ANITA,CEM COMISARÍA SANTA ANITA,698,102,596,272,270,156,32,19,13,93,29,64,118,22,96,160,4,156,232,6,226,63,22,41
2021,17/01/2021,PUNO,SAN ROMÁN,JULIACA,CEM COMISARÍA SANTA BARBARA,877,61,816,336,467,74,22,13,9,38,13,25,74,7,67,237,5,232,472,13,459,34,10,24
2021,17/01/2021,PUNO,PUNO,PUNO,CEM COMISARÍA PUNO,541,59,482,226,246,69,9,4,5,39,21,18,59,14,45,84,2,82,281,14,267,69,4,65
2021,17/01/2021,ÁNCAsh,SANTA,CHIMBOTE,CEM COMISARÍA CHIMBOTE,683,107,576,393,233,57,10,6,4,41,13,28,67,14,53,192,10,182,287,33,254,86,31,55
2021,17/01/2021,TUMBES,TUMBES,TUMBES,CEM COMISARÍA DE FAMILIA TUMBES,765,61,704,233,458,74,14,4,10,41,16,25,85,13,72,260,2,258,337,14,323,28,12,16
2021,17/01/2021,HUANCAVELICA,HUANCAVELICA,HUANCAVELICA,CEM COMISARÍA SANTA ANA - HUANCAVELICA,602,45,557,239,298,65,10,6,4,31,12,19,70,12,58,197,4,193,272,7,265,22,4,18
2021,17/01/2021,LIMA,LIMA,PUEBLO LIBRE,CEM COMISARÍA PUEBLO LIBRE,267,35,232,165,54,48,9,3,6,28,8,20,35,8,27,51,2,49,113,7,106,31,7,24
2021,17/01/2021,LA LIBertAD,PACASMAYO,SAN JOSÉ,CEM COMISARÍA SAN JOSÉ,389,55,334,159,172,58,24,12,12,55,19,36,74,7,67,87,2,85,129,6,123,20,9,11
2021,17/01/2021,LIMA,LIMA,LURÍN,CEM COMISARÍA LURÍN,763,53,710,279,354,130,22,10,12,73,25,48,114,11,103,232,2,230,304,1,303,18,4,14
2021,17/01/2021,LIMA,LIMA,SAN BORJA,CEM COMISARÍA SAN BORJA,414,51,363,268,95,51,13,5,8,39,12,27,43,11,32,61,1,60,203,10,193,55,12,43
2021,17/01/2021,HUÁNUCO,HUÁNUCO,AMARILIS,CEM COMISARÍA AMARILIS,1602,165,1437,724,723,155,44,22,22,82,36,46,184,33,151,467,15,452,718,36,682,107,23,84
2021,17/01/2021,LIMA,HUARAL,CHANCAY,CEM COMISARÍA CHANCAY,599,58,541,264,217,118,14,4,10,68,21,47,108,21,87,170,2,168,210,2,208,29,8,21
2021,17/01/2021,ICA,ICA,ICA,CEM COMISARÍA ICA,796,74,722,358,269,169,9,0,9,61,11,50,118,20,98,201,6,195,354,23,331,53,14,39
2021,17/01/2021,SAN MARTÍN,RIOJA,PARDO MIGUEL,CEM COMISARÍA NARANJOS,366,28,338,136,146,84,15,5,10,37,7,30,76,10,66,109,3,106,118,1,117,11,2,9
2021,17/01/2021,APURÍMAC,ANDAHUAYLAS,TALAVERA,CEM COMISARÍA TALAVERA,594,44,550,259,299,36,8,1,7,28,11,17,55,19,36,163,4,159,313,6,307,27,3,24
2021,17/01/2021,LIMA,LIMA,ATE,CEM COMISARÍA VITARTE,641,91,550,247,252,142,62,33,29,87,30,57,114,17,97,153,4,149,206,4,202,19,3,16
2021,17/01/2021,AREQUIPA,AREQUIPA,PAUCARPATA,CEM COMISARÍA CAMPO MARTE,1126,178,948,656,364,106,66,21,45,133,51,82,132,36,96,200,13,187,464,20,444,131,37,94
2021,17/01/2021,ICA,CHINCHA,CHINCHA ALTA,CEM COMISARÍA CHINCHA,690,70,620,266,341,83,18,4,14,47,14,33,83,9,74,209,13,196,291,12,279,42,18,24
2021,17/01/2021,LIMA,LIMA,SAN MARTIN DE PORRES,CEM COMISARÍA CONDEVILLA,556,69,487,309,183,64,22,8,14,66,27,39,62,13,49,122,1,121,222,3,219,62,17,45
2021,17/01/2021,LIMA,HUAURA,HUACHO,CEM COMISARÍA HUACHO,759,87,672,366,318,75,30,9,21,73,29,44,104,26,78,219,3,216,297,12,285,36,8,28
2021,17/01/2021,LIMA,HUAROCHIRI,SAN ANTONIO,CEM COMISARÍA JICAMARCA,637,71,566,258,250,129,30,15,15,90,33,57,112,16,96,155,3,152,236,0,236,14,4,10
2021,17/01/2021,PASCO,OXAPAMPA,PUERTO BERMUDEZ,CEM COMISARÍA PUERTO BERMUDEZ,152,19,133,48,82,22,6,3,3,19,6,13,21,5,16,54,0,54,50,4,46,2,1,1
2021,17/01/2021,LIMA,LIMA,ATE,CEM COMISARÍA SANTA CLARA,794,86,708,328,337,129,29,13,16,63,15,48,116,16,100,212,5,207,341,24,317,33,13,20
2021,17/01/2021,AREQUIPA,AREQUIPA,JACOBO HUNTER,CEM COMISARÍA ANDRES AVELINO CACERES,1031,217,814,637,307,87,95,34,61,148,66,82,150,44,106,157,11,146,359,33,326,122,29,93
2021,17/01/2021,LIMA,BARRANCA,BARRANCA,CEM COMISARÍA BARRANCA,659,112,547,283,331,45,23,13,10,50,17,33,80,22,58,185,14,171,266,30,236,55,16,39
2021,17/01/2021,AREQUIPA,CAYLLOMA,CHIVAY,CEM COMISARÍA CHIVAY,467,78,389,241,184,42,25,16,9,34,14,20,59,11,48,79,0,79,212,14,198,58,23,35
2021,17/01/2021,LIMA,LIMA,SAN JUAN DE LURIGANCHO,CEM COMISARÍA DE FAMILIA CANTO REY,508,66,442,196,196,116,23,8,15,44,21,23,90,13,77,129,2,127,195,12,183,27,10,17
2021,17/01/2021,MOQUEGUA,MARISCAL NIETO,MOQUEGUA,CEM COMISARÍA SAN ANTONIO,381,32,349,169,163,49,7,3,4,27,9,18,50,9,41,101,1,100,178,4,174,18,6,12
2021,17/01/2021,CUSCO,CUSCO,SANTIAGO,CEM COMISARÍA SANTIAGO,615,96,519,332,263,20,31,10,21,70,35,35,91,32,59,144,5,139,234,6,228,45,8,37
2021,17/01/2021,CALLAO,CALLAO,CALLAO,CEM COMISARÍA SAN JUAN INGUNZA VALDIVIA,340,48,292,181,98,61,13,7,6,32,13,19,45,5,40,84,6,78,126,5,121,40,12,28
2021,17/01/2021,LIMA,LIMA,LA MOLINA,CEM COMISARÍA LA MOLINA,303,42,261,139,122,42,16,5,11,36,12,24,36,5,31,66,5,61,103,6,97,46,9,37
2021,17/01/2021,LIMA,LIMA,LA VICTORIA,CEM COMISARÍA APOLO,715,108,607,365,247,103,28,12,16,86,32,54,100,23,77,144,6,138,294,18,276,63,17,46
2021,17/01/2021,ÁNCAsh,CASMA,CASMA,CEM COMISARÍA CASMA,863,140,723,356,360,147,49,21,28,130,47,83,179,25,154,199,6,193,248,12,236,58,29,29
2021,17/01/2021,JUNÍN,YAULI,LA OROYA,CEM COMISARÍA LA OROYA,278,69,209,144,113,21,18,15,3,44,21,23,44,21,23,64,2,62,98,7,91,10,3,7
2021,17/01/2021,ICA,ICA,LA TINGUIÑA,CEM COMISARÍA LA TINGUIÑA,369,21,348,154,160,55,6,1,5,35,6,29,44,4,40,92,1,91,178,4,174,14,5,9
2021,17/01/2021,LIMA,LIMA,PUENTE PIEDRA,CEM COMISARÍA PUENTE PIEDRA,950,127,823,483,307,160,47,15,32,111,52,59,155,30,125,238,6,232,358,11,347,41,13,28
2021,17/01/2021,CUSCO,CUSCO,CUSCO,CEM COMISARÍA TAHUANTINSUYO,493,104,389,285,196,12,46,23,23,59,32,27,59,21,38,99,9,90,194,11,183,36,8,28
2021,17/01/2021,SAN MARTÍN,MOYOBAMBA,MOYOBAMBA,CEM COMISARÍA UCHUGLLA,677,50,627,300,324,53,15,5,10,21,6,15,81,10,71,227,6,221,304,14,290,29,9,20
2021,17/01/2021,AREQUIPA,AREQUIPA,CAYMA,CEM COMISARÍA ACEQUIA ALTA,1174,245,929,680,388,106,101,59,42,190,89,101,186,55,131,195,7,188,439,22,417,63,13,50
2021,17/01/2021,HUANCAVELICA,HUANCAVELICA,HUACHOCOLPA,CEM COMISARÍA HUACHOCOLPA,78,4,74,62,14,2,0,0,0,4,3,1,4,0,4,38,0,38,30,1,29,2,0,2
2021,17/01/2021,CALLAO,CALLAO,CALLAO,CEM COMISARÍA PLAYA RIMAC,404,71,333,221,136,47,26,12,14,60,15,45,60,16,44,75,3,72,129,15,114,54,10,44
2021,17/01/2021,LIMA,LIMA,SAN ISIDRO,CEM COMISARÍA SAN ISIDRO,327,62,265,172,99,56,24,14,10,40,14,26,33,8,25,74,5,69,112,7,105,44,14,30
2021,17/01/2021,JUNÍN,HUANCAYO,SAPALLANGA,CEM COMISARÍA SAPALLANGA,552,120,432,280,217,55,70,39,31,84,41,43,108,35,73,110,0,110,156,1,155,24,4,20
2021,17/01/2021,ÁNCAsh,SANTA,NUEVO CHIMBOTE,CEM COMISARÍA SECTORIAL BUENOS AIRES,921,112,809,532,290,99,26,9,17,82,31,51,107,25,82,249,9,240,423,24,399,34,14,20
2021,17/01/2021,LAMBAYEQUE,CHICLAYO,SAÑA,CEM COMISARÍA ZAÑA,223,24,199,95,99,29,6,4,2,26,8,18,23,2,21,62,2,60,92,5,87,14,3,11
2021,17/01/2021,JUNÍN,JAUJA,JAUJA,CEM COMISARÍA JAUJA,586,94,492,262,260,64,41,20,21,61,27,34,84,17,67,127,6,121,224,14,210,49,10,39
2021,17/01/2021,PUNO,AZANGARO,AZANGARO,CEM COMISARÍA AZANGARO,469,32,437,166,259,44,6,4,2,19,5,14,55,7,48,104,3,101,251,11,240,34,2,32
2021,17/01/2021,PASCO,PASCO,YANACANCHA,CEM COMISARÍA DE FAMILIA YANACANCHA,331,55,276,165,140,26,27,16,11,43,21,22,58,18,40,81,0,81,115,0,115,7,0,7
2021,17/01/2021,PASCO,PASCO,SIMON BOLIVAR,CEM COMISARÍA LA ESPERANZA,158,28,130,80,73,5,3,1,2,20,10,10,23,7,16,46,6,40,63,4,59,3,0,3
2021,17/01/2021,LAMBAYEQUE,LAMBAYEQUE,LAMBAYEQUE,CEM COMISARÍA LAMBAYEQUE,475,50,425,192,221,62,10,4,6,30,15,15,65,11,54,154,3,151,182,4,178,34,13,21
2021,17/01/2021,LIMA,lima,BARRANCO,CEM COMISARÍA BARRANCO,366,86,280,268,69,29,38,19,19,56,21,35,38,18,20,36,4,32,131,8,123,67,16,51
2021,17/01/2021,APURÍMAC,ABANCAY,ABANCAY,CEM COMISARÍA BELLAVISTA,583,58,525,287,274,22,14,7,7,24,11,13,54,10,44,149,13,136,321,10,311,21,7,14
2021,17/01/2021,APURÍMAC,ABANCAY,CURAHUASI,CEM COMISARÍA CURAHUASI,374,34,340,106,240,28,6,3,3,17,8,9,44,9,35,85,2,83,198,9,189,24,3,21
2021,17/01/2021,LA LIBertAD,TRUJILLO,FLORENCIA DE MORA,CEM COMISARÍA FLORENCIA DE LA MORA,301,33,268,104,164,33,19,8,11,34,12,22,29,6,23,86,1,85,113,3,110,20,3,17
2021,17/01/2021,LIMA,LIMA,LINCE,CEM COMISARÍA LINCE,252,41,211,136,70,46,10,4,6,28,11,17,32,11,21,61,3,58,92,7,85,29,5,24
2021,17/01/2021,LIMA,CAÑETE,SAN ANTONIO,CEM COMISARÍA SAN ANTONIO - CAÑETE,599,70,529,262,254,83,25,13,12,59,16,43,103,20,83,145,5,140,254,12,242,13,4,9
2021,17/01/2021,ICA,PISCO,SAN CLEMENTE,CEM COMISARÍA SAN MIGUEL - PISCO,593,37,556,283,242,68,7,4,3,22,7,15,84,4,80,191,8,183,270,10,260,19,4,15
2021,17/01/2021,LIMA,CAÑETE,SAN VICENTE DE CAÑETE,CEM COMISARÍA SAN VICENTE DE CAÑETE,631,63,568,206,354,71,21,11,10,54,23,31,82,12,70,207,4,203,242,9,233,25,4,21
2021,17/01/2021,HUÁNUCO,PUERTO INCA,TOURNAVISTA,CEM COMISARÍA TOURNAVISTA,204,21,183,88,65,51,7,4,3,31,6,25,54,6,48,46,0,46,59,3,56,7,2,5
2021,17/01/2021,CUSCO,CUSCO,SAN JERONIMO,CEM COMISARÍA SAN JERONIMO,725,128,597,374,316,35,60,35,25,99,45,54,92,29,63,188,0,188,257,8,249,29,11,18
2021,17/01/2021,HUÁNUCO,LEONCIO PRADO,JOSE CRESPO Y CASTILLO,CEM COMISARÍA AUCAYACU,441,34,407,128,207,106,5,4,1,35,12,23,97,12,85,140,0,140,149,3,146,15,3,12
2021,17/01/2021,PIURA,PIURA,PIURA,CEM COMISARÍA DE FAMILIA PIURA,833,72,761,511,261,61,15,6,9,69,25,44,93,23,70,226,7,219,399,9,390,31,2,29
2021,17/01/2021,AREQUIPA,AREQUIPA,LA JOYA,CEM COMISARÍA EL TRIUNFO,564,77,487,299,212,53,47,16,31,58,29,29,67,15,52,128,4,124,243,7,236,21,6,15
2021,17/01/2021,SAN MARTÍN,MARISCAL CACERES,JUANJUI,CEM COMISARÍA JUANJUI,452,53,399,174,217,61,13,6,7,47,9,38,71,18,53,135,8,127,172,9,163,14,3,11
2021,17/01/2021,LIMA,LIMA,SAN LUIS,CEM COMISARÍA SAN LUIS,490,109,381,242,192,56,42,17,25,77,48,29,73,17,56,77,2,75,136,4,132,85,21,64
2021,17/01/2021,LORETO,ALTO AMAZONAS,YURIMAGUAS,CEM COMISARÍA YURIMAGUAS,410,24,386,158,213,39,2,1,1,25,11,14,45,10,35,128,0,128,200,0,200,10,2,8
2021,17/01/2021,LIMA,LIMA,LIMA,CEM COMISARÍA ALFONSO UGARTE,509,97,412,229,172,108,49,24,25,72,31,41,86,19,67,117,2,115,139,4,135,46,17,29
2021,17/01/2021,AMAZONAS,BAGUA,BAGUA,CEM COMISARÍA BAGUA,263,15,248,82,134,47,6,3,3,12,5,7,40,3,37,76,0,76,117,4,113,12,0,12
2021,17/01/2021,MADRE DE DIOS,MANU,MANU,CEM COMISARÍA SALVACION,135,22,113,51,80,4,5,3,2,13,7,6,19,4,15,31,1,30,63,7,56,4,0,4
2021,17/01/2021,PUNO,CHUCUITO,DESAGUADERO,CEM COMISARÍA DESAGUADERO,280,21,259,83,179,18,3,0,3,21,8,13,26,4,22,69,0,69,131,2,129,30,7,23
2021,17/01/2021,CUSCO,CUSCO,SAN SEBASTIAN,CEM COMISARÍA SAN SEBASTIAN,821,174,647,418,325,78,104,58,46,133,65,68,112,26,86,149,3,146,279,13,266,44,9,35
2021,17/01/2021,PIURA,SULLANA,SULLANA,CEM COMISARÍA EL OBRERO,436,17,419,134,257,45,7,3,4,20,4,16,70,7,63,158,1,157,169,0,169,12,2,10
2021,17/01/2021,LIMA,HUAURA,SAYAN,CEM COMISARÍA SAYAN,215,23,192,53,128,34,8,7,1,23,6,17,33,2,31,76,1,75,69,6,63,6,1,5
2021,17/01/2021,LIMA,LIMA,SAN JUAN DE LURIGANCHO,CEM COMISARÍA SANTA ELIZABETH,1003,182,821,454,391,158,54,27,27,140,63,77,174,34,140,192,11,181,353,22,331,90,25,65
2021,17/01/2021,LIMA,LIMA,LOS OLIVOS,CEM COMISARÍA SOL DE ORO,1404,195,1209,742,486,176,57,24,33,148,48,100,181,42,139,328,9,319,549,31,518,141,41,100
2021,17/01/2021,LA LIBertAD,TRUJILLO,LAREDO,CEM COMISARÍA LAREDO,335,45,290,141,133,61,10,5,5,41,16,25,53,8,45,94,5,89,118,4,114,19,7,12
2021,17/01/2021,ÁNCAsh,SANTA,CHIMBOTE,CEM COMISARÍA ALTO PERU,586,101,485,287,253,46,19,8,11,52,18,34,68,18,50,123,6,117,262,31,231,62,20,42
2021,17/01/2021,ICA,CHINCHA,CHINCHA BAJA,CEM COMISARÍA CHINCHA BAJA,172,14,158,93,67,12,2,0,2,14,10,4,11,1,10,60,1,59,82,2,80,3,0,3
2021,17/01/2021,LIMA,LIMA,SAN JUAN DE LURIGANCHO,CEM COMISARÍA CAJA DE AGUA,572,85,487,315,172,85,55,17,38,77,30,47,85,17,68,119,2,117,177,5,172,59,14,45
2021,17/01/2021,LIMA,LIMA,ATE,CEM COMISARÍA HUAYCAN,641,78,563,265,226,150,36,17,19,77,24,53,141,24,117,130,4,126,227,4,223,30,5,25
2021,17/01/2021,LIMA,LIMA,LURIN,CEM COMISARÍA VILLA ALEJANDRO,672,112,560,288,281,103,39,17,22,123,48,75,124,27,97,142,7,135,207,7,200,37,6,31
2021,17/01/2021,LAMBAYEQUE,CHICLAYO,CHICLAYO,CEM COMISARÍA DE FAMILIA CHICLAYO,715,105,610,284,297,134,41,13,28,81,35,46,134,25,109,183,4,179,221,5,216,55,23,32
2021,17/01/2021,LIMA,LIMA,ANCON,CEM COMISARÍA ANCON,574,74,500,236,247,91,24,10,14,62,26,36,76,11,65,158,6,152,224,14,210,30,7,23
2021,17/01/2021,CUSCO,CUSCO,SANTIAGO,CEM COMISARÍA FAMILIA SANTIAGO,1130,220,910,600,473,57,73,34,39,158,74,84,158,57,101,229,8,221,453,26,427,59,21,38
2021,17/01/2021,PUNO,YUNGUYO,YUNGUYO,CEM COMISARÍA YUNGUYO,320,36,284,94,201,25,4,1,3,26,17,9,41,7,34,65,2,63,144,2,142,40,7,33
2021,17/01/2021,LIMA,LIMA,SAN JUAN DE MIRAFLORES,CEM COMISARÍA PAMPLONA II,389,49,340,133,172,84,22,7,15,50,20,30,60,8,52,81,2,79,166,7,159,10,5,5
2021,17/01/2021,CALLAO,CALLAO,CALLAO,CEM COMISARÍA RAMON CASTILLA,461,118,343,265,143,53,25,17,8,66,36,30,70,18,52,93,8,85,152,27,125,55,12,43
2021,17/01/2021,PIURA,AYABACA,AYABACA,CEM COMISARÍA SECTORIAL AYABACA,205,15,190,62,90,53,11,4,7,22,7,15,40,3,37,52,1,51,72,0,72,8,0,8
2021,17/01/2021,APURÍMAC,ABANCAY,TAMBURCO,CEM COMISARÍA TAMBURCO,306,41,265,140,151,15,4,2,2,12,7,5,23,5,18,83,4,79,156,15,141,28,8,20
2021,17/01/2021,LIMA,LIMA,LIMA,CEM COMISARÍA PALOMINO,250,52,198,102,95,53,17,9,8,32,15,17,42,8,34,60,4,56,74,10,64,25,6,19
2021,17/01/2021,LIMA,LIMA,LA MOLINA,CEM COMISARÍA LAS PRADERAS,209,35,174,120,58,31,10,4,6,24,17,7,27,5,22,41,0,41,89,3,86,18,6,12
2021,17/01/2021,ÁNCAsh,SANTA,NUEVO CHIMBOTE,CEM COMISARÍA VILLA MARIA,419,60,359,187,192,40,11,4,7,46,17,29,41,10,31,120,6,114,172,11,161,29,12,17
2021,17/01/2021,TACNA,TACNA,ALTO DE LA ALIANZA,CEM COMISARÍA ALTO DE LA ALIANZA,324,34,290,137,139,48,6,4,2,17,7,10,29,4,25,92,0,92,161,14,147,19,5,14
2021,17/01/2021,LA LIBertAD,ASCOPE,SANTIAGO DE CAO,CEM COMISARÍA CARTAVIO,177,26,151,84,64,29,21,7,14,28,12,16,24,1,23,37,1,36,60,4,56,7,1,6
2021,17/01/2021,SAN MARTÍN,TOCACHE,TOCACHE,CEM COMISARÍA SECTORIAL TOCACHE,451,39,412,144,187,120,9,5,4,44,12,32,78,6,72,128,6,122,185,8,177,7,2,5
2021,17/01/2021,LA LIBertAD,SANCHEZ CARRION,HUAMACHUCO,CEM COMISARÍA HUAMACHUCO,559,36,523,138,298,123,3,0,3,21,8,13,113,6,107,205,11,194,201,8,193,16,3,13
2021,17/01/2021,LAMBAYEQUE,LAMBAYEQUE,OLMOS,CEM COMISARÍA SECTORIAL OLMOS,397,13,384,148,187,62,2,1,1,29,4,25,65,1,64,161,2,159,129,3,126,11,2,9
2021,17/01/2021,SAN MARTÍN,LAMAS,TABALOSOS,CEM COMISARÍA TABALOSOS,222,37,185,100,74,48,12,5,7,36,15,21,56,6,50,42,3,39,67,4,63,9,4,5
2021,17/01/2021,LIMA,LIMA,SAN JUAN DE LURIGANCHO,CEM COMISARÍA BAYOVAR,505,95,410,194,245,66,51,25,26,76,25,51,100,25,75,100,3,97,146,12,134,32,5,27
2021,17/01/2021,LA LIBertAD,VIRU,CHAO,CEM COMISARÍA CHAO,542,50,492,131,298,113,23,11,12,56,19,37,97,9,88,215,4,211,147,7,140,4,0,4
2021,17/01/2021,AREQUIPA,AREQUIPA,MIRAFLORES,CEM COMISARÍA EL PORVENIR,594,108,486,326,205,63,36,14,22,80,36,44,97,32,65,104,4,100,233,8,225,44,14,30
2021,17/01/2021,LA LIBertAD,PACASMAYO,PACASMAYO,CEM COMISARÍA PACASMAYO,391,34,357,163,174,54,16,5,11,44,11,33,53,10,43,92,1,91,166,3,163,20,4,16
2021,17/01/2021,AYACUCHO,HUAMANGA,AYACUCHO,CEM COMISARÍA DE FAMILIA AYACUCHO,1331,102,1229,500,676,155,27,15,12,62,20,42,164,16,148,434,10,424,569,16,553,75,25,50
2021,17/01/2021,LIMA,HUAROCHIRI,SAN ANTONIO,CEM COMISARÍA JICAMARCA II,424,37,387,184,155,85,14,4,10,60,16,44,79,7,72,71,2,69,191,6,185,9,2,7
2021,17/01/2021,LIMA,BARRANCA,PARAMONGA,CEM COMISARÍA PARAMONGA,312,48,264,132,143,37,19,5,14,35,13,22,53,17,36,73,3,70,111,8,103,21,2,19
2021,17/01/2021,PIURA,PIURA,LA UNION,CEM COMISARÍA LA UNION,392,35,357,153,208,31,5,1,4,20,11,9,50,11,39,135,5,130,171,5,166,11,2,9
2021,17/01/2021,ICA,ICA,SAN JUAN BAUTISTA,CEM COMISARÍA SAN JUAN BAUTISTA,350,42,308,166,140,44,9,4,5,29,13,16,50,9,41,85,3,82,156,9,147,21,4,17
2021,17/01/2021,PIURA,PAITA,LA HUACA,CEM COMISARÍA LA HUACA,162,12,150,64,71,27,3,1,2,10,5,5,28,3,25,63,0,63,56,2,54,2,1,1
2021,17/01/2021,ÁNCAsh,HUARAZ,HUARAZ,CEM COMISARÍA HUARAZ,664,67,597,279,295,90,19,12,7,41,18,23,82,12,70,178,4,174,295,11,284,49,10,39
2021,17/01/2021,AREQUIPA,AREQUIPA,SACHACA,CEM COMISARÍA PAMPA DE CAMARONES,813,176,637,505,241,67,79,45,34,115,50,65,137,39,98,136,8,128,308,25,283,38,9,29
2021,17/01/2021,ica,CHINCHA,EL CARMEN,CEM COMISARÍA EL CARMEN,156,22,134,64,64,28,5,4,1,17,5,12,23,5,18,35,1,34,72,7,65,4,0,4
2021,17/01/2021,LAMBAYEQUE,LAMBAYEQUE,LAMBAYEQUE,CEM COMISARÍA SAN MARTIN DE PORRES - LAMBAYE,425,43,382,193,200,32,7,5,2,45,22,23,48,5,43,127,2,125,188,7,181,10,2,8
2021,17/01/2021,ÁNCAsh,YUNGAY,YUNGAY,CEM COMISARÍA YUNGAY,240,35,205,90,127,23,16,7,9,35,10,25,32,7,25,64,1,63,81,5,76,12,5,7
2021,17/01/2021,LAMBAYEQUE,CHICLAYO,CHICLAYO,CEM COMISARÍA CAMPODONICO,325,33,292,119,169,37,5,2,3,26,11,15,42,11,31,106,5,101,134,0,134,12,4,8
2021,17/01/2021,SAN MARTIN,PICOTA,PICOTA,CEM COMISARÍA PICOTA,269,46,223,129,105,35,14,12,2,53,18,35,37,8,29,58,2,56,93,2,91,14,4,10
2021,17/01/2021,ICA,ICA,SANTIAGO,CEM COMISARÍA SANTIAGO - ICA,276,29,247,101,135,40,8,0,8,39,19,20,35,3,32,86,0,86,93,1,92,15,6,9
2021,17/01/2021,LIMA,LIMA,RIMAC,CEM COMISARÍA CIUDAD Y CAMPO,485,115,370,203,179,103,45,27,18,95,38,57,111,33,78,83,4,79,118,4,114,33,9,24
2021,17/01/2021,UCAYALI,PADRE ABAD,IRAZOLA,CEM COMISARÍA RURAL VON HUMBOLT,241,15,226,66,138,37,8,2,6,21,5,16,48,2,46,79,1,78,82,5,77,3,0,3
2021,17/01/2021,AREQUIPA,AREQUIPA,PAUCARPATA,CEM COMISARÍA MIGUEL GRAU,941,199,742,565,270,106,98,42,56,127,65,62,141,31,110,147,11,136,344,22,322,84,28,56
2021,17/01/2021,TUMBES,TUMBES,PAMPAS DE HOSPITAL,CEM COMISARÍA PAMPAS DE HOSPITAL,227,53,174,148,67,12,36,17,19,48,23,25,39,10,29,38,0,38,61,2,59,5,1,4
2021,17/01/2021,CAJAMARCA,JAEN,COLASAY,CEM COMISARÍA RURAL COLASAY,221,22,199,89,103,29,3,1,2,15,3,12,24,2,22,74,2,72,90,7,83,15,7,8
2021,17/01/2021,PIURA,PIURA,TAMBO GRANDE,CEM COMISARÍA RURAL TAMBO GRANDE,564,49,515,329,205,30,3,0,3,9,3,6,29,6,23,211,12,199,284,22,262,28,6,22
2021,17/01/2021,AREQUIPA,CAMANA,CAMANA,CEM COMISARÍA SECTORIAL RURAL CAMANA,533,75,458,261,219,53,8,2,6,60,22,38,80,25,55,106,4,102,244,10,234,35,12,23
2021,17/01/2021,LIMA,LIMA,SAN MIGUEL,CEM COMISARÍA MARANGA,390,67,323,222,105,63,26,8,18,57,23,34,52,12,40,73,5,68,141,10,131,41,9,32
2021,17/01/2021,LIMA,LIMA,INDEPENDENCIA,CEM COMISARÍA INDEPENDENCIA,848,164,684,402,341,105,76,37,39,103,49,54,112,24,88,151,3,148,314,29,285,92,22,70
2021,17/01/2021,LAMBAYEQUE,FERREÑAFE,FERREÑAFE,CEM COMISARÍA FERREÑAFE,377,44,333,197,145,35,9,2,7,37,10,27,55,14,41,113,2,111,141,7,134,22,9,13
2021,17/01/2021,LAMBAYEQUE,CHICLAYO,JOSE LEONARDO ORTIZ,CEM COMISARÍA JOSE LEONARDO ORTIZ,440,62,378,200,188,52,22,12,10,46,19,27,46,10,36,122,4,118,169,11,158,35,6,29
2021,17/01/2021,LIMA,LIMA,SAN JUAN DE LURIGANCHO,CEM COMISARÍA HUACHIPA,370,43,327,119,195,56,7,2,5,38,14,24,55,11,44,106,3,103,149,10,139,15,3,12
2021,17/01/2021,TACNA,TACNA,TACNA,CEM COMISARÍA AUGUSTO B. LEGUIA,313,49,264,125,127,61,12,5,7,45,21,24,42,9,33,93,3,90,102,4,98,19,7,12
2021,17/01/2021,PIURA,PIURA,PIURA,CEM COMISARÍA PIURA,923,133,790,494,367,62,18,9,9,66,22,44,78,23,55,245,24,221,447,36,411,69,19,50
2021,17/01/2021,MOQUEGUA,ILO,ILO,CEM COMISARÍA ILO,307,43,264,133,157,17,4,2,2,14,7,7,23,6,17,75,2,73,142,17,125,49,9,40
2021,17/01/2021,PIURA,PAITA,PAITA,CEM COMISARÍA SECTORIAL PAITA,283,15,268,85,151,47,0,0,0,17,6,11,40,4,36,92,0,92,127,3,124,7,2,5
2021,17/01/2021,CUSCO,CALCA,CALCA,CEM COMISARÍA SECTORIAL CALCA,279,17,262,115,138,26,4,2,2,16,3,13,41,6,35,65,3,62,146,2,144,7,1,6
2021,17/01/2021,ICA,CHINCHA,SUNAMPE,CEM COMISARÍA SUNAMPE,389,46,343,184,150,55,17,8,9,35,18,17,54,11,43,122,4,118,149,3,146,12,2,10
2021,17/01/2021,APURIMAC,AYMARAES,CHALHUANCA,CEM COMISARÍA CHALHUANCA,165,17,148,48,95,22,8,0,8,9,4,5,25,5,20,26,1,25,83,6,77,14,1,13
2021,17/01/2021,TUMBES,TUMBES,LA CRUZ,CEM COMISARÍA LA CRUZ,147,11,136,66,64,17,9,2,7,18,5,13,19,2,17,30,1,29,69,1,68,2,0,2
2021,17/01/2021,AREQUIPA,ISLAY,ISLAY,CEM COMISARÍA MATARANI,434,76,358,241,145,48,16,11,5,74,26,48,60,24,36,87,4,83,177,9,168,20,2,18
2021,17/01/2021,PUNO,CHUCUITO,HUACULLANI,CEM COMISARÍA RURAL HUACULLANI,93,20,73,45,45,3,12,3,9,12,8,4,13,3,10,16,2,14,34,2,32,6,2,4
2021,17/01/2021,ÁNCAsh,BOLOGNESI,CHIQUIAN,CEM COMISARÍA SECTORIAL BOLOGNESI CHIQUIAN,159,16,143,70,70,19,8,3,5,23,5,18,32,5,27,23,0,23,63,3,60,10,0,10
2021,17/01/2021,AREQUIPA,AREQUIPA,SOCABAYA,CEM COMISARÍA SECTORIAL SOCABAYA,710,132,578,369,239,102,57,22,35,126,52,74,116,25,91,106,5,101,268,17,251,37,11,26
2021,17/01/2021,SAN MARTIN,RIOJA,NUEVA CAJAMARCA,CEM COMISARÍA NUEVA CAJAMARCA,427,40,387,183,180,64,14,7,7,46,14,32,65,7,58,142,3,139,153,4,149,7,5,2
2021,17/01/2021,UCAYALI,PADRE ABAD,IRAZOLA,CEM COMISARÍA SAN ALEJANDRO,137,5,132,46,60,31,1,0,1,8,2,6,28,1,27,47,1,46,53,1,52,0,0,0
2021,17/01/2021,LORETO,MAYNAS,BELEN,CEM COMISARÍA 09 DE OCTUBRE,509,18,491,296,159,54,2,0,2,27,3,24,29,3,26,134,0,134,288,7,281,29,5,24
2021,17/01/2021,TUMBES,TUMBES,CORRALES,CEM COMISARÍA CORRALES,177,23,154,83,75,19,6,3,3,19,8,11,27,6,21,47,0,47,75,6,69,3,0,3
2021,17/01/2021,AMAZONAS,LUYA,LAMUD,CEM COMISARÍA RURAL SECTORIAL LAMUD,95,14,81,43,39,13,0,0,0,10,7,3,21,2,19,18,1,17,35,2,33,11,2,9
2021,17/01/2021,LIMA,CANTA,SANTA ROSA DE QUIVES,CEM COMISARÍA YANGAS,119,13,106,63,41,15,14,1,13,18,7,11,25,3,22,20,0,20,39,1,38,3,1,2
2021,17/01/2021,UCAYALI,CORONEL PORTILLO,YARINACOCHA,CEM COMISARÍA YARINACOCHA,693,80,613,255,327,111,19,9,10,68,14,54,123,18,105,175,12,163,284,21,263,24,6,18
2021,17/01/2021,UCAYALI,CORONEL PORTILLO,CAMPOVERDE,CEM COMISARÍA CAMPOVERDE,216,33,183,73,107,36,7,4,3,27,14,13,42,7,35,48,2,46,81,4,77,11,2,9
2021,17/01/2021,ICA,CHINCHA,GROCIO PRADO,CEM COMISARÍA EMILIO ROMAN SARAVIA GARCIA,140,11,129,73,49,18,2,0,2,10,3,7,22,4,18,43,1,42,51,0,51,12,3,9
2021,17/01/2021,JUNIN,SATIPO,SATIPO,CEM COMISARÍA SATIPO,292,30,262,107,140,45,12,5,7,21,6,15,36,2,34,90,6,84,114,7,107,19,4,15
2021,17/01/2021,SAN MARTIN,EL DORADO,SAN JOSE DE SISA,CEM COMISARÍA SAN JOSE DE SISA,115,22,93,42,49,24,14,9,5,15,6,9,29,3,26,32,0,32,19,2,17,6,2,4
2021,17/01/2021,TACNA,TACNA,TACNA,CEM COMISARÍA LA NATIVIDAD,71,7,64,28,35,8,0,0,0,8,2,6,7,2,5,16,1,15,31,2,29,9,0,9
2021,17/01/2021,HUANCAVELICA,TAYACAJA,PAMPAS,CEM COMISARÍA PAMPAS DE TAYACAJA,80,8,72,36,32,12,5,3,2,8,3,5,12,0,12,26,1,25,28,1,27,1,0,1
2021,17/01/2021,LIMA METROPOLITANA,LIMA,BREÑA,CEM COMISARÍA BREÑA,32,1,31,21,9,2,1,0,1,5,1,4,1,0,1,8,0,8,14,0,14,3,0,3
2021,17/01/2021,AREQUIPA,LA UNION,COTAHUASI,CEM COMISARÍA SECTORIAL COTAHUASI,35,9,26,17,14,4,2,1,1,5,2,3,5,0,5,8,0,8,10,1,9,5,5,0
2021,17/01/2021,PUNO,HUANCANE,HUANCANE,CEM COMISARÍA SECTORIAL HUANCANE,15,1,14,3,9,3,0,0,0,2,1,1,2,0,2,5,0,5,3,0,3,3,0,3
2021,17/01/2021,PIURA,AYABACA,AYABACA,CEM COMISARÍA SUYO,25,0,25,6,16,3,1,0,1,2,0,2,0,0,0,7,0,7,8,0,8,7,0,7
2021,17/01/2021,PIURA,PIURA,VEINTISEIS DE OCTUBRE,CEM CENTRO DE SALUD - SANTA JULIA,784,100,684,429,275,80,28,19,9,69,20,49,116,23,93,193,10,183,344,18,326,34,10,24
2022,15/12/2021,APURÍMAC,ABANCAY,ABANCAY,CEM ABANCAY,184,15,169,105,59,20,2,0,2,10,1,9,19,3,16,34,2,32,101,3,98,18,6,12
2022,15/12/2021,HUANCAVELICA,ACOBAMBA,ACOBAMBA,CEM ACOBAMBA,193,15,178,85,87,21,6,2,4,13,2,11,27,3,24,42,2,40,88,4,84,17,2,15
2022,15/12/2021,HUÁNUCO,AMBO,AMBO,CEM AMBO,251,40,211,96,109,46,20,10,10,39,18,21,42,7,35,60,0,60,78,3,75,12,2,10
2022,15/12/2021,APURÍMAC,ANDAHUAYLAS,ANDAHUAYLAS,CEM ANDAHUAYLAS,265,13,252,96,107,62,2,0,2,25,6,19,51,6,45,59,0,59,111,0,111,17,1,16
2022,15/12/2021,APURÍMAC,ANTABAMBA,ANTABAMBA,CEM ANTABAMBA,123,10,113,68,46,9,3,1,2,5,3,2,13,1,12,18,1,17,61,1,60,23,3,20
2022,15/12/2021,PIURA,AYABACA,SUYO,CEM SUYO,80,7,73,32,30,18,1,0,1,6,3,3,24,2,22,18,0,18,28,2,26,3,0,3
2022,15/12/2021,AYACUCHO,HUAMANGA,AYACUCHO,CEM HUAMANGA,394,31,363,174,105,115,7,3,4,40,9,31,97,13,84,103,1,102,140,4,136,7,1,6
2022,15/12/2021,AMAZONAS,BAGUA,BAGUA,CEM BAGUA,95,9,86,45,27,23,3,0,3,17,7,10,14,0,14,27,0,27,30,2,28,4,0,4
2022,15/12/2021,CAJAMARCA,CAJAMARCA,CAJAMARCA,CEM CAJAMARCA,178,21,157,49,65,64,9,3,6,26,9,17,55,4,51,35,0,35,49,4,45,4,1,3
2022,15/12/2021,CALLAO,CALLAO,CALLAO,CEM CALLAO,794,176,618,327,281,186,64,33,31,132,60,72,207,50,157,116,3,113,202,16,186,73,14,59
2022,15/12/2021,AREQUIPA,CAMANÁ,CAMANÁ,CEM CAMANA,361,72,289,139,148,74,34,24,10,72,29,43,87,13,74,44,2,42,110,3,107,14,1,13
2022,15/12/2021,AYACUCHO,CANGALLO,CANGALLO,CEM CANGALLO,138,17,121,73,44,21,12,3,9,20,8,12,34,6,28,27,0,27,44,0,44,1,0,1
2022,15/12/2021,LIMA,CAÑETE,IMPERIAL,CEM IMPERIAL,394,75,319,239,81,74,16,8,8,42,17,25,76,14,62,77,2,75,147,24,123,36,10,26
2022,15/12/2021,LIMA,LIMA,CARABAYLLO,CEM CARABAYLLO,341,58,283,102,139,100,26,11,15,67,21,46,95,16,79,59,3,56,75,1,74,19,6,13
2022,15/12/2021,AREQUIPA,AREQUIPA,AREQUIPA,CEM AREQUIPA,850,194,656,426,279,145,83,42,41,148,53,95,159,41,118,124,7,117,254,27,227,82,24,58
2022,15/12/2021,AMAZONAS,CHACHAPOYAS,CHACHAPOYAS,CEM CHACHAPOYAS,211,19,192,62,78,71,5,0,5,19,5,14,52,4,48,41,1,40,75,5,70,19,4,15
2022,15/12/2021,JUNÍN,CHANCHAMAYO,CHANCHAMAYO,CEM CHANCHAMAYO,372,30,342,152,130,90,15,10,5,34,10,24,60,3,57,79,0,79,153,2,151,31,5,26
2022,15/12/2021,LAMBAYEQUE,CHICLAYO,CHICLAYO,CEM CHICLAYO,333,35,298,140,111,82,13,5,8,49,14,35,52,5,47,70,2,68,113,5,108,36,4,32
2022,15/12/2021,JUNÍN,HUANCAYO,CHilca,CEM CHILCA,429,30,399,209,145,75,6,3,3,41,11,30,76,8,68,112,3,109,177,2,175,17,3,14
2022,15/12/2021,ÁNCAsh,SANTA,CHIMBOTE,CEM CHIMBOTE,332,59,273,201,111,20,8,2,6,28,15,13,30,9,21,67,4,63,165,15,150,34,14,20
2022,15/12/2021,APURÍMAC,CHINCHEROS,CHINCHEROS,CEM CHINCHEROS,362,42,320,178,149,35,17,8,9,25,12,13,37,5,32,84,1,83,176,10,166,23,6,17
2022,15/12/2021,AREQUIPA,AREQUIPA,SOCABAYA,CEM SOCABAYA,366,61,305,190,129,47,29,13,16,54,26,28,73,17,56,56,1,55,133,0,133,21,4,17
2022,15/12/2021,LA LIBertAD,ASCOPE,CHOCOPE,CEM CHOCOPE,275,39,236,155,60,60,24,11,13,53,15,38,55,5,50,58,3,55,73,0,73,12,5,7
2022,15/12/2021,CAJAMARCA,CHOTA,CHOTA,CEM CHOTA,149,19,130,50,56,43,3,2,1,22,6,16,34,5,29,22,1,21,57,1,56,11,4,7
2022,15/12/2021,PIURA,MORROPÓN,CHULUCANAS,CEM CHULUCANAS,274,4,270,129,85,60,3,2,1,10,0,10,50,1,49,82,0,82,124,1,123,5,0,5
2022,15/12/2021,CUSCO,CHUMBIVILCAS,SANTO TOMÁS,CEM CHUMBIVILCAS,208,20,188,84,67,57,9,5,4,12,7,5,45,4,41,39,2,37,88,0,88,15,2,13
2022,15/12/2021,APURÍMAC,GRAU,CHUQUIBAMBILLA,CEM CHUQUIBAMBILLA,75,5,70,23,40,12,0,0,0,4,1,3,8,0,8,16,0,16,38,2,36,9,2,7
2022,15/12/2021,HUANCAVELICA,CHURCAMPA,CHURCAMPA,CEM CHURCAMPA,194,28,166,69,81,44,13,12,1,24,5,19,49,6,43,45,0,45,53,3,50,10,2,8
2022,15/12/2021,LIMA,LIMA,COMAS,CEM COMAS,344,45,299,139,96,109,15,6,9,55,18,37,83,6,77,56,2,54,105,1,104,30,12,18
2022,15/12/2021,JUNÍN,CONCEPCIÓN,CONCEPCIÓN,CEM CONCEPCION,367,49,318,201,114,52,25,8,17,31,15,16,61,6,55,73,2,71,141,8,133,36,10,26
2022,15/12/2021,CUSCO,CUSCO,WANCHAQ,CEM CUSCO,367,30,337,138,137,92,13,9,4,44,12,32,69,6,63,82,1,81,140,1,139,19,1,18
2022,15/12/2021,LIMA,LIMA,EL AGUSTINO,CEM EL AGUSTINO,224,53,171,76,117,31,24,10,14,38,13,25,47,11,36,23,0,23,59,3,56,33,16,17
2022,15/12/2021,CUSCO,ESPINAR,ESPINAR,CEM ESPINAR,289,10,279,139,119,31,2,0,2,11,4,7,23,2,21,87,0,87,159,4,155,7,0,7
2022,15/12/2021,LAMBAYEQUE,FERREÑAFE,FERREÑAFE,CEM FERREÑAFE,67,18,49,30,22,15,6,4,2,14,7,7,26,6,20,7,0,7,12,1,11,2,0,2
2022,15/12/2021,LIMA,HUAURA,HUACHO,CEM HUACHO,199,33,166,99,68,32,9,4,5,37,18,19,46,5,41,33,2,31,62,3,59,12,1,11
2022,15/12/2021,LA LIBERTAD,SÁNCHEZ CARRIÓN,HUAMACHUCO,CEM HUAMACHUCO,47,0,47,9,19,19,0,0,0,3,0,3,14,0,14,17,0,17,10,0,10,3,0,3
2022,15/12/2021,AYACUCHO,HUANCA SANCOS,SANCOS,CEM HUANCASANCOS,91,11,80,52,28,11,1,1,0,6,2,4,11,3,8,16,0,16,47,2,45,10,3,7
2022,15/12/2021,HUANCAVELICA,HUANCAVELICA,HUANCAVELICA,CEM HUANCAVELICA,245,49,196,121,77,47,38,20,18,35,13,22,45,8,37,38,3,35,84,4,80,5,1,4
2022,15/12/2021,JUNÍN,HUANCAYO,HUANCAYO,CEM HUANCAYO,682,93,589,326,267,89,39,16,23,75,36,39,125,18,107,136,5,131,254,5,249,53,13,40
2022,15/12/2021,AYACUCHO,HUANTA,HUANTA,CEM HUANTA,112,8,104,53,32,27,6,2,4,11,3,8,24,2,22,30,0,30,34,0,34,7,1,6
2022,15/12/2021,HUÁNUCO,HUÁNUCO,AMARILIS,CEM HUANUCO,539,63,476,118,230,191,23,11,12,79,29,50,162,18,144,117,1,116,146,0,146,12,4,8
2022,15/12/2021,ÁNCAsh,HUARAZ,HUARAZ,CEM HUARAZ,170,22,148,71,86,13,3,2,1,11,7,4,21,6,15,37,0,37,86,3,83,12,4,8
2022,15/12/2021,ÁNCAsh,HUARMEY,HUARMEY,CEM HUARMEY,230,27,203,83,87,60,7,4,3,24,6,18,55,7,48,49,3,46,80,4,76,15,3,12
2022,15/12/2021,LIMA,HUAROCHIRÍ,MATUCANA,CEM HUAROCHIRI,135,20,115,61,36,38,13,8,5,16,4,12,36,8,28,23,0,23,45,0,45,2,0,2
2022,15/12/2021,LIMA,LIMA,ATE,CEM HUAYCAN,264,42,222,134,83,47,10,3,7,31,9,22,30,5,25,59,6,53,107,11,96,27,8,19
2022,15/12/2021,MADRE DE DIOS,MANU,HUEPETUHE,CEM HUEPETUHE,126,6,120,75,36,15,3,2,1,14,2,12,9,1,8,24,0,24,72,0,72,4,1,3
2022,15/12/2021,MADRE DE DIOS,TAHUAMANU,IBERIA,CEM IBERIA,201,24,177,92,70,39,23,11,12,42,6,36,52,6,46,31,0,31,52,1,51,1,0,1
2022,15/12/2021,ICA,ICA,ICA,CEM ICA,259,49,210,107,114,38,27,17,10,43,18,25,51,12,39,45,1,44,81,0,81,12,1,11
2022,15/12/2021,PUNO,EL COLLAO,ILAVE,CEM ILAVE,168,18,150,85,72,11,12,6,6,19,5,14,19,5,14,38,0,38,68,2,66,12,0,12
2022,15/12/2021,LIMA,LIMA,INDEPENDENCIA,CEM INDEPENDENCIA,306,47,259,131,114,61,31,15,16,38,11,27,78,18,60,44,2,42,88,0,88,27,1,26
2022,15/12/2021,LORETO,MAYNAS,PUNCHANA,CEM IQUITOS,135,14,121,61,41,33,3,0,3,12,5,7,28,6,22,28,1,27,55,1,54,9,1,8
2022,15/12/2021,CAJAMARCA,JAÉN,JAÉN,CEM JAEN,257,16,241,131,76,50,4,1,3,16,5,11,35,3,32,65,0,65,126,3,123,11,4,7
2022,15/12/2021,JUNÍN,JAUJA,JAUJA,CEM JAUJA,174,38,136,108,49,17,23,12,11,26,10,16,34,10,24,33,1,32,52,4,48,6,1,5
2022,15/12/2021,PUNO,SAN ROMÁN,JULIACA,CEM JULIACA,257,9,248,98,124,35,2,1,1,10,4,6,31,1,30,67,0,67,131,3,128,16,0,16
2022,15/12/2021,CUSCO,LA CONVENCIÓN,KIMBIRI,CEM KIMBIRI,314,24,290,95,150,69,6,3,3,21,3,18,69,5,64,88,1,87,125,12,113,5,0,5
2022,15/12/2021,LA LIBertAD,TRUJILLO,LA ESPERANZA,CEM LA ESPERANZA,369,37,332,133,136,100,22,9,13,51,18,33,98,4,94,75,3,72,101,1,100,22,2,20
2022,15/12/2021,AYACUCHO,LA MAR,SAN MIGUEL,CEM LA MAR,173,25,148,58,91,24,5,3,2,17,10,7,28,6,22,60,1,59,51,1,50,12,4,8
2022,15/12/2021,LIMA,LIMA,SAN LUIS,CEM SAN LUIS,113,23,90,47,38,28,9,2,7,6,3,3,29,6,23,16,0,16,35,2,33,18,10,8
2022,15/12/2021,LAMBAYEQUE,LAMBAYEQUE,LAMBAYEQUE,CEM LAMBAYEQUE,170,38,132,85,63,22,7,6,1,31,13,18,30,9,21,44,1,43,51,4,47,7,5,2
2022,15/12/2021,LIMA,LIMA,LIMA,CEM LIMA,995,136,859,487,283,225,55,27,28,128,37,91,140,16,124,211,8,203,359,16,343,102,32,70
2022,15/12/2021,LIMA,LIMA,LOS OLIVOS,CEM LOS OLIVOS,485,73,412,207,154,124,40,15,25,77,22,55,97,17,80,84,1,83,134,4,130,53,14,39
2022,15/12/2021,AYACUCHO,LUCANAS,PUQUIO,CEM LUCANAS,188,43,145,87,62,39,23,11,12,32,13,19,56,11,45,17,0,17,46,0,46,14,8,6
2022,15/12/2021,MADRE DE DIOS,TAMBOPATA,TAMBOPATA,CEM MADRE DE DIOS,472,46,426,216,134,122,28,16,12,65,18,47,103,8,95,97,0,97,150,2,148,29,2,27
2022,15/12/2021,LIMA,LIMA,PACHACÁMAC,CEM MANCHAY,388,73,315,184,90,114,44,19,25,88,34,54,100,11,89,49,2,47,97,4,93,10,3,7
2022,15/12/2021,PUNO,MELGAR,AYAVIRI,CEM MELGAR,169,4,165,84,71,14,0,0,0,7,3,4,14,1,13,38,0,38,98,0,98,12,0,12
2022,15/12/2021,AREQUIPA,AREQUIPA,MIRAFLORES,CEM MIRAFLORES,1438,278,1160,699,478,261,125,68,57,247,103,144,268,56,212,217,8,209,459,23,436,122,20,102
2022,15/12/2021,MOQUEGUA,MARISCAL NIETO,MOQUEGUA,CEM MOQUEGUA,194,18,176,74,88,32,5,2,3,13,2,11,20,3,17,33,2,31,111,5,106,12,4,8
2022,15/12/2021,SAN MARTÍN,MOYOBAMBA,MOYOBAMBA,CEM MOYOBAMBA,393,63,330,207,101,85,22,13,9,55,24,31,95,12,83,83,5,78,125,9,116,13,0,13
2022,15/12/2021,ICA,NASCA,NASCA,CEM NASCA,160,21,139,59,53,48,6,3,3,17,8,9,39,6,33,30,0,30,57,1,56,11,3,8
2022,15/12/2021,LORETO,LORETO,NAUTA,CEM NAUTA,127,11,116,32,70,25,4,1,3,7,3,4,27,1,26,39,2,37,47,3,44,3,1,2
2022,15/12/2021,ÁNCAsh,SANTA,NUEVO CHIMBOTE,CEM NUEVO CHIMBOTE,183,41,142,154,28,1,23,11,12,24,10,14,24,7,17,39,3,36,57,3,54,16,7,9
2022,15/12/2021,LA LIBertAD,OTUZCO,OTUZCO,CEM OTUZCO,110,15,95,33,47,30,1,0,1,9,2,7,24,9,15,29,1,28,42,0,42,5,3,2
2022,15/12/2021,PASCO,OXAPAMPA,OXAPAMPA,CEM OXAPAMPA,223,47,176,164,42,17,21,11,10,34,12,22,38,16,22,47,3,44,74,4,70,9,1,8
2022,15/12/2021,CALLAO,CALLAO,VENTANILLA,CEM PACHACUTEC,350,72,278,141,110,99,26,22,4,71,23,48,116,19,97,47,0,47,79,3,76,11,5,6
2022,15/12/2021,UCAYALI,PADRE ABAD,PADRE ABAD,CEM PADRE ABAD,148,17,131,44,67,37,7,2,5,18,10,8,27,2,25,40,0,40,49,2,47,7,1,6
2022,15/12/2021,LIMA,LIMA,SAN JUAN DE MIRAFLORES,CEM SAN JUAN DE MIRAFLORES,284,38,246,100,85,99,15,5,10,47,8,39,74,15,59,62,2,60,73,3,70,13,5,8
2022,15/12/2021,AYACUCHO,PARINACOCHAS,CORACORA,CEM PARINACOCHAS,170,23,147,78,77,15,1,0,1,21,10,11,31,5,26,32,0,32,68,2,66,17,6,11
2022,15/12/2021,PASCO,PASCO,CHAUPIMARCA,CEM PASCO,199,6,193,78,86,35,3,2,1,14,3,11,44,0,44,46,0,46,85,0,85,7,1,6
2022,15/12/2021,AYACUCHO,PAUCAR DEL SARA SARA,PAUSA,CEM PAUCAR DEL SARA SARA,138,15,123,61,56,21,1,1,0,8,3,5,22,2,20,15,0,15,64,4,60,28,5,23
2022,15/12/2021,CUSCO,LA CONVENCIÓN,PICHARI,CEM PICHARI,272,39,233,133,117,22,15,4,11,28,12,16,32,7,25,74,8,66,108,6,102,15,2,13
2022,15/12/2021,ICA,PISCO,PISCO,CEM PISCO,318,24,294,160,109,49,8,3,5,27,7,20,46,4,42,73,0,73,142,4,138,22,6,16
2022,15/12/2021,PIURA,PIURA,CASTILLA,CEM PIURA,482,37,445,272,149,61,8,4,4,18,5,13,65,9,56,131,4,127,232,11,221,28,4,24
2022,15/12/2021,UCAYALI,CORONEL PORTILLO,CALLERIA,CEM PUCALLPA,467,51,416,185,89,193,26,6,20,70,21,49,170,15,155,67,2,65,116,0,116,18,7,11
2022,15/12/2021,PUNO,PUNO,PUNO,CEM PUNO,282,30,252,116,112,54,11,4,7,28,11,17,54,11,43,57,1,56,112,1,111,20,2,18
2022,15/12/2021,CUSCO,LA CONVENCIÓN,SANTA ANA,CEM QUILLABAMBA,269,21,248,138,56,75,12,3,9,31,9,22,63,5,58,40,0,40,106,3,103,17,1,16
2022,15/12/2021,SAN MARTÍN,RIOJA,RIOJA,CEM RIOJA,286,39,247,119,97,70,11,3,8,38,11,27,53,3,50,69,1,68,100,14,86,15,7,8
2022,15/12/2021,LIMA,LIMA,LA MOLINA,CEM LA MOLINA,308,47,261,165,80,63,13,10,3,33,6,27,51,7,44,68,2,66,101,4,97,42,18,24
2022,15/12/2021,LIMA,LIMA,SAN JUAN DE LURIGANCHO,CEM SAN JUAN DE LURIGANCHO,420,73,347,173,126,121,42,24,18,72,28,44,100,21,79,89,0,89,112,0,112,5,0,5
2022,15/12/2021,LIMA,LIMA,SAN MARTÍN DE PORRES,CEM SAN MARTIN DE PORRES,302,67,235,115,103,84,42,15,27,71,36,35,61,13,48,44,0,44,58,0,58,26,3,23
2022,15/12/2021,LA LIBertAD,SANTIAGO DE CHUCO,SANTIAGO DE CHUCO,CEM SANTIAGO DE CHUCO,124,12,112,58,48,18,6,3,3,18,5,13,23,3,20,37,0,37,37,1,36,3,0,3
2022,15/12/2021,JUNÍN,SATIPO,SATIPO,CEM SATIPO,206,18,188,90,62,54,5,4,1,18,3,15,40,2,38,49,1,48,86,6,80,8,2,6
2022,15/12/2021,PIURA,SECHURA,SECHURA,CEM SECHURA,281,15,266,117,130,34,2,1,1,17,5,12,38,4,34,93,2,91,127,2,125,4,1,3
2022,15/12/2021,CUSCO,CANCHIS,SICUANI,CEM SICUANI,204,20,184,91,83,30,10,4,6,27,11,16,23,4,19,55,0,55,77,0,77,12,1,11
2022,15/12/2021,AYACUCHO,SUCRE,QUEROBAMBA,CEM SUCRE,156,25,131,89,45,22,7,3,4,22,11,11,17,4,13,34,1,33,67,5,62,9,1,8
2022,15/12/2021,PIURA,SULLANA,SULLANA,CEM SULLANA,254,26,228,158,75,21,2,1,1,14,6,8,22,2,20,63,2,61,131,10,121,22,5,17
2022,15/12/2021,LIMA,LIMA,SANTIAGO DE SURCO,CEM SURCO,339,82,257,131,142,66,41,23,18,47,20,27,76,21,55,60,5,55,87,6,81,28,7,21
2022,15/12/2021,LIMA,LIMA,SURQUILLO,CEM SURQUILLO,303,42,261,142,87,74,21,7,14,34,11,23,56,16,40,53,1,52,100,1,99,39,6,33
2022,15/12/2021,TACNA,TACNA,TACNA,CEM TACNA,182,22,160,66,51,65,6,0,6,12,7,5,36,2,34,34,0,34,74,8,66,20,5,15
2022,15/12/2021,SAN MARTÍN,SAN MARTÍN,TARAPOTO,CEM TARAPOTO,842,76,766,501,288,53,9,3,6,47,19,28,66,7,59,249,9,240,415,24,391,56,14,42
2022,15/12/2021,JUNÍN,TARMA,TARMA,CEM TARMA,295,45,250,119,106,70,12,4,8,58,32,26,72,6,66,52,0,52,87,3,84,14,0,14
2022,15/12/2021,HUANCAVELICA,TAYACAJA,PAMPAS,CEM TAYACAJA,180,26,154,55,80,45,14,6,8,37,13,24,31,3,28,39,1,38,54,1,53,5,2,3
2022,15/12/2021,HUÁNUCO,LEONCIO PRADO,RUPA-RUPA,CEM TINGO MARIA,423,47,376,145,100,178,19,10,9,46,16,30,144,14,130,72,3,69,133,4,129,9,0,9
2022,15/12/2021,SAN MARTÍN,TOCACHE,UCHIZA,CEM TOCACHE,214,28,186,60,88,66,4,2,2,29,7,22,43,7,36,49,2,47,83,10,73,6,0,6
2022,15/12/2021,LA LIBertAD,TRUJILLO,TRUJILLO,CEM TRUJILLO,868,121,747,358,345,165,97,38,59,120,39,81,162,20,142,165,6,159,245,7,238,79,11,68
2022,15/12/2021,TUMBES,TUMBES,TUMBES,CEM TUMBES,218,36,182,113,85,20,9,5,4,40,19,21,38,10,28,36,0,36,88,2,86,7,0,7
2022,15/12/2021,AMAZONAS,UTCUBAMBA,BAGUA GRANDE,CEM UTCUBAMBA,242,29,213,72,102,68,17,7,10,35,10,25,60,6,54,60,2,58,63,1,62,7,3,4
2022,15/12/2021,CALLAO,CALLAO,VENTANILLA,CEM VENTANILLA,390,50,340,185,114,91,21,15,6,74,25,49,102,8,94,82,0,82,101,2,99,10,0,10
2022,15/12/2021,AYACUCHO,VILCAS HUAMÁN,VILCAS HUAMÁN,CEM VILCAS HUAMAN,192,19,173,85,81,26,11,4,7,19,7,12,33,3,30,35,1,34,84,3,81,10,1,9
2022,15/12/2021,LIMA,LIMA,VILLA EL SALVADOR,CEM VILLA EL SALVADOR,1547,250,1297,631,610,306,72,36,36,214,87,127,345,59,286,305,4,301,494,25,469,117,39,78
2022,15/12/2021,LIMA,LIMA,VILLA MARÍA DEL TRIUNFO,CEM VILLA MARIA DEL TRIUNFO,680,104,576,420,175,85,43,12,31,87,27,60,95,22,73,113,7,106,259,17,242,83,19,64
2022,15/12/2021,PASCO,OXAPAMPA,VILLA RICA,CEM VILLA RICA,288,32,256,111,109,68,14,8,6,26,6,20,70,11,59,55,2,53,116,4,112,7,1,6
2022,15/12/2021,JUNÍN,YAULI,LA OROYA,CEM YAULI,119,11,108,64,23,32,11,3,8,15,3,12,46,4,42,22,0,22,24,1,23,1,0,1
2022,15/12/2021,LIMA,YAUYOS,YAUYOS,CEM YAUYOS,38,4,34,9,21,8,0,0,0,0,0,0,6,0,6,9,2,7,16,0,16,7,2,5
2022,15/12/2021,LORETO,ALTO AMAZONAS,YURIMAGUAS,CEM YURIMAGUAS,152,24,128,72,67,13,4,4,0,14,6,8,21,2,19,40,1,39,61,3,58,12,8,4
2022,15/12/2021,PUNO,AZÁNGARO,AZÁNGARO,CEM AZANGARO,104,12,92,63,31,10,3,0,3,2,1,1,14,2,12,29,2,27,51,5,46,5,2,3
2022,15/12/2021,CALLAO,CALLAO,BELLAVISTA,BELLAVISTA,401,77,324,198,142,61,37,17,20,62,27,35,56,11,45,69,1,68,124,2,122,53,19,34
2022,15/12/2021,JUNÍN,CHUPACA,CHUPACA,CEM CHUPACA,318,77,241,171,104,43,50,26,24,72,30,42,79,17,62,46,1,45,61,1,60,10,2,8
2022,15/12/2021,LA LIBERTAD,PACASMAYO,SAN PEDRO DE LLOC,CEM PACASMAYO,153,32,121,72,66,15,18,6,12,27,14,13,34,9,25,20,2,18,47,1,46,7,0,7
2022,15/12/2021,CAJAMARCA,SAN IGNACIO,SAN IGNACIO,CEM SAN IGNACIO,198,15,183,65,60,73,4,0,4,28,7,21,36,1,35,42,1,41,76,1,75,12,5,7
2022,15/12/2021,AYACUCHO,VÍCTOR FAJARDO,HUANCAPI,CEM VÍCTOR FAJARDO,141,42,99,79,38,24,29,15,14,35,14,21,36,12,24,23,1,22,12,0,12,6,0,6
2022,15/12/2021,AMAZONAS,LUYA,LAMUD,CEM LUYA,176,14,162,95,63,18,15,0,15,29,3,26,35,3,32,26,0,26,52,3,49,19,5,14
2022,15/12/2021,LIMA,LIMA,PUENTE PIEDRA,CEM PUENTE PIEDRA,597,98,499,220,192,185,48,25,23,101,33,68,162,27,135,87,1,86,177,2,175,22,10,12
2022,15/12/2021,PUNO,CHUCUITO,JULI,CEM CHUCUITO,142,13,129,41,82,19,1,1,0,14,2,12,19,7,12,23,0,23,74,2,72,11,1,10
2022,15/12/2021,LIMA,HUARAL,HUARAL,CEM HUARAL,434,50,384,148,180,106,5,1,4,60,28,32,87,9,78,85,1,84,179,7,172,18,4,14
2022,15/12/2021,SAN MARTÍN,LAMAS,LAMAS,CEM LAMAS,310,39,271,152,105,53,15,8,7,38,16,22,76,6,70,60,1,59,104,5,99,17,3,14
2022,15/12/2021,HUÁNUCO,HUAMALÍES,LLATA,CEM HUAMALIES,291,44,247,97,148,46,18,10,8,27,12,15,40,2,38,73,4,69,117,13,104,16,3,13
2022,15/12/2021,CUSCO,QUISPICANCHI,URCOS,CEM QUISPICANCHI,480,62,418,199,207,74,9,5,4,39,24,15,69,15,54,116,4,112,220,3,217,27,11,16
2022,15/12/2021,PIURA,PAITA,PAITA,CEM PAITA,270,17,253,136,99,35,4,2,2,10,2,8,42,6,36,76,2,74,130,4,126,8,1,7
2022,15/12/2021,ÁNCAsh,YUNGAY,YUNGAY,CEM YUNGAY,167,30,137,66,72,29,15,6,9,22,8,14,40,5,35,27,0,27,57,9,48,6,2,4
2022,15/12/2021,ÁNCAsh,HUari,HUARI,CEM HUARI,190,28,162,32,111,47,8,6,2,27,10,17,50,11,39,45,1,44,58,0,58,2,0,2
2022,15/12/2021,MOQUEGUA,ILO,ILO,CEM ILO,222,27,195,118,83,21,6,2,4,23,12,11,25,6,19,39,1,38,116,5,111,13,1,12
2022,15/12/2021,PIURA,TALARA,PARIÑAS,CEM TALARA,498,85,413,250,183,65,9,6,3,44,26,18,81,20,61,118,9,109,223,16,207,23,8,15
2022,15/12/2021,PIURA,HUANCABAMBA,HUANCABAMBA,CEM HUANCABAMBA,213,21,192,73,86,54,9,3,6,12,5,7,44,1,43,52,2,50,83,5,78,13,5,8
2022,15/12/2021,HUÁNUCO,PACHITEA,PANAO,CEM PACHITEA,181,38,143,96,55,30,25,11,14,29,17,12,37,8,29,40,0,40,46,2,44,4,0,4
2022,15/12/2021,HUANCAVELICA,ANGARAES,LIRCAY,CEM ANGARAES,264,53,211,183,60,21,27,14,13,49,24,25,53,13,40,53,1,52,79,0,79,3,1,2
2022,15/12/2021,CAJAMARCA,CUTERVO,CUTERVO,CEM CUTERVO,255,11,244,84,129,42,7,0,7,20,3,17,35,3,32,66,1,65,122,3,119,5,1,4
2022,15/12/2021,LA LIBertAD,CHEPÉN,CHEPÉN,CEM CHEPEN,213,25,188,74,85,54,3,1,2,29,12,17,48,7,41,45,1,44,68,0,68,20,4,16
2022,15/12/2021,CAJAMARCA,HUALGAYOC,BAMBAMARCA,CEM HUALGAYOC,172,13,159,68,73,31,5,2,3,13,1,12,40,5,35,38,0,38,64,2,62,12,3,9
2022,15/12/2021,LORETO,MARISCAL RAMÓN CASTILLA,RAMÓN CASTILLA,CEM CABALLO COCHA,74,11,63,28,24,22,8,6,2,9,2,7,19,2,17,17,1,16,20,0,20,1,0,1
2022,15/12/2021,AREQUIPA,ISLAY,MOLLENDO,CEM ISLAY,279,52,227,137,107,35,8,4,4,49,24,25,46,10,36,40,1,39,104,11,93,32,2,30
2022,15/12/2021,LA LIBertAD,VIRÚ,VIRÚ,CEM VIRU,241,23,218,86,107,48,13,6,7,22,6,16,54,3,51,77,2,75,69,2,67,6,4,2
2022,15/12/2021,ICA,CHINCHA,PUEBLO NUEVO,CEM PUEBLO NUEVO,261,19,242,125,103,33,6,4,2,14,5,9,34,5,29,63,2,61,127,3,124,17,0,17
2022,15/12/2021,ÁNCAsh,CASMA,CASMA,CEM CASMA,213,66,147,103,86,24,42,21,21,55,28,27,36,12,24,21,0,21,35,2,33,24,3,21
2022,15/12/2021,PUNO,SAN ANTONIO DE PUTINA,PUTINA,CEM SAN ANTONIO DE PUTINA,116,14,102,47,65,4,3,0,3,10,1,9,10,3,7,36,1,35,51,7,44,6,2,4
2022,15/12/2021,LIMA,LIMA,RÍMAC,CEM RÍMAC,468,113,355,200,164,104,66,33,33,82,25,57,113,26,87,65,0,65,95,9,86,47,20,27
2022,15/12/2021,CUSCO,ANTA,ANTA,CEM ANTA,199,21,178,80,77,42,13,4,9,20,5,15,42,8,34,30,0,30,83,1,82,11,3,8
2022,15/12/2021,TACNA,CANDARAVE,CANDARAVE,CEM CANDARAVE,89,20,69,68,16,5,1,1,0,12,6,6,17,4,13,9,0,9,35,1,34,15,8,7
2022,15/12/2021,CAJAMARCA,CAJABAMBA,CAJABAMBA,CEM CAJABAMBA,185,14,171,86,81,18,1,0,1,8,2,6,22,4,18,51,1,50,84,2,82,19,5,14
2022,15/12/2021,APURÍMAC,COTABAMBAS,TAMBOBAMBA,CEM COTABAMBAS,235,4,231,53,150,32,0,0,0,4,0,4,29,2,27,64,0,64,132,1,131,6,1,5
2022,15/12/2021,PUNO,CARABAYA,MACUSANI,CEM CARABAYA,190,10,180,41,96,53,5,2,3,17,3,14,40,4,36,48,1,47,80,0,80,0,0,0
2022,15/12/2021,PUNO,SANDIA,SANDIA,CEM SANDIA,154,19,135,61,77,16,9,3,6,16,12,4,24,2,22,33,1,32,64,0,64,8,1,7
2022,15/12/2021,LORETO,DATEM DEL MARAÑON,BARRANCA,CEM DATEM DEL MARAÑON,190,7,183,64,87,39,1,0,1,16,3,13,32,2,30,59,1,58,76,0,76,6,1,5
2022,15/12/2021,CUSCO,URUBAMBA,URUBAMBA,CEM URUBAMBA,240,26,214,119,71,50,4,2,2,23,11,12,39,4,35,50,1,49,110,4,106,14,4,10
2022,15/12/2021,JUNÍN,JUNÍN,JUNÍN,CEM JUNIN,84,16,68,39,38,7,5,3,2,7,2,5,17,6,11,15,0,15,35,1,34,5,4,1
2022,15/12/2021,LIMA,BARRANCA,BARRANCA,CEM BARRANCA,285,34,251,118,120,47,8,5,3,25,3,22,61,10,51,73,3,70,97,8,89,21,5,16
2022,15/12/2021,AMAZONAS,CONDORCANQUI,NIEVA,CEM CONDORCANQUI,169,9,160,57,58,54,5,0,5,19,5,14,51,2,49,44,1,43,46,1,45,4,0,4
2022,15/12/2021,HUÁNUCO,DOS DE MAYO,LA UNIÓN,CEM DOS DE MAYO,167,14,153,63,79,25,5,1,4,7,1,6,29,6,23,47,1,46,67,2,65,12,3,9
2022,15/12/2021,PUNO,HUANCANÉ,HUANCANÉ,CEM HUANCANE,132,16,116,56,66,10,5,1,4,20,10,10,24,2,22,36,1,35,34,1,33,13,1,12
2022,15/12/2021,ÁNCAsh,HUAYLAS,CARAZ,CEM HUAYLAS,138,17,121,49,49,40,21,6,15,19,8,11,35,3,32,32,0,32,26,0,26,5,0,5
2022,15/12/2021,HUANCAVELICA,HUAYTARA,HUAYTARA,CEM HUAYTARA,73,10,63,33,25,15,6,4,2,4,3,1,17,3,14,17,0,17,26,0,26,3,0,3
2022,15/12/2021,PUNO,LAMPA,LAMPA,CEM LAMPA,105,20,85,32,59,14,5,2,3,16,10,6,18,5,13,14,0,14,36,2,34,16,1,15
2022,15/12/2021,UCAYALI,ATALAYA,RAYMONDI,CEM ATALAYA,226,17,209,76,66,84,4,1,3,24,7,17,61,3,58,62,2,60,72,4,68,3,0,3
2022,15/12/2021,ÁNCAsh,CARHUAZ,CARHUAZ,CEM CARHUAZ,156,20,136,49,77,30,2,1,1,19,8,11,26,2,24,29,0,29,67,5,62,13,4,9
2022,15/12/2021,CAJAMARCA,CELENDÍN,CELENDÍN,CEM CELENDÍN,114,5,109,40,50,24,2,1,1,4,0,4,14,3,11,36,0,36,48,0,48,10,1,9
2022,15/12/2021,LORETO,REQUENA,REQUENA,CEM REQUENA,157,18,139,60,52,45,10,4,6,15,4,11,47,6,41,32,1,31,52,3,49,1,0,1
2022,15/12/2021,SAN MARTÍN,MARISCAL CÁCERES,JUANJUI,CEM MARISCAL CÁCERES,182,21,161,85,44,53,13,7,6,31,8,23,50,2,48,28,0,28,58,4,54,2,0,2
2022,15/12/2021,SAN MARTÍN,BELLAVISTA,BELLAVISTA,CEM BELLAVISTA-SAN MARTIN,369,41,328,159,133,77,37,11,26,56,18,38,78,8,70,83,0,83,109,4,105,6,0,6
2022,15/12/2021,PASCO,DANIEL ALCIDES CARRIÓN,YANAHUANCA,CEM DANIEL ALCIDES CARRION,149,34,115,71,53,25,18,14,4,18,11,7,39,3,36,21,1,20,51,5,46,2,0,2
2022,15/12/2021,TACNA,JORGE BASADRE,LOCUMBA,CEM JORGE BASADRE,67,13,54,29,26,12,2,1,1,6,4,2,17,3,14,8,2,6,27,2,25,7,1,6
2022,15/12/2021,TUMBES,ZARUMILLA,ZARUMILLA,CEM ZARUMILLA,350,23,327,166,156,28,7,2,5,24,8,16,54,5,49,107,5,102,145,0,145,13,3,10
2022,15/12/2021,JUNÍN,SATIPO,PANGOA,CEM PANGOA,530,75,455,178,275,77,13,4,9,46,16,30,77,13,64,155,9,146,211,21,190,28,12,16
2022,15/12/2021,AYACUCHO,HUANTA,SIVIA,CEM SIVIA,153,4,149,41,84,28,2,1,1,6,1,5,21,0,21,65,1,64,54,1,53,5,0,5
2022,15/12/2021,CUSCO,CALCA,CALCA,CEM CALCA,283,23,260,181,61,41,6,4,2,15,6,9,44,11,33,67,0,67,138,0,138,13,2,11
2022,15/12/2021,LA LIBertAD,GRAN CHIMU,CASCAS,CEM GRAN CHIMU,76,6,70,32,29,15,0,0,0,4,1,3,22,3,19,19,0,19,27,1,26,4,1,3
2022,15/12/2021,ICA,ICA,SANTIAGO,CEM SANTIAGO,256,61,195,116,65,75,36,26,10,33,17,16,81,17,64,38,1,37,54,0,54,14,0,14
2022,15/12/2021,ICA,ICA,PARCONA,CEM PARCONA,267,28,239,129,94,44,8,2,6,20,6,14,42,5,37,54,1,53,120,5,115,23,9,14
2022,15/12/2021,HUANCAVELICA,CASTROVIRREYNA,CASTROVIRREYNA,CEM CASTROVIRREYNA,127,33,94,53,53,21,21,10,11,28,14,14,25,5,20,24,1,23,23,0,23,6,3,3
2022,15/12/2021,CAJAMARCA,CONTUMAZA,CONTUMAZA,CEM CONTUMAZA,71,4,67,19,31,21,1,0,1,14,3,11,17,1,16,13,0,13,26,0,26,0,0,0
2022,15/12/2021,HUÁNUCO,PUERTO INCA,PUERTO INCA,CEM PUERTO INCA,386,26,360,84,190,112,12,4,8,35,12,23,84,1,83,123,2,121,122,3,119,10,4,6
2022,15/12/2021,LORETO,UCAYALI,CONTAMANA,CEM UCAYALI,155,13,142,38,70,47,6,3,3,13,7,6,42,2,40,33,1,32,57,0,57,4,0,4
2022,15/12/2021,CUSCO,PAUCARTAMBO,PAUCARTAMBO,CEM PAUCARTAMBO,260,35,225,114,111,35,16,12,4,33,14,19,49,5,44,54,1,53,88,3,85,20,0,20
2022,15/12/2021,SAN MARTÍN,PICOTA,PICota,CEM PICOTA,214,49,165,145,49,20,34,18,16,45,18,27,48,11,37,29,0,29,53,2,51,5,0,5
2022,15/12/2021,LA LIBertAD,PATAZ,TAYABAMBA,CEM PATAZ,216,10,206,63,91,62,15,2,13,24,6,18,48,0,48,58,1,57,63,1,62,8,0,8
2022,15/12/2021,HUÁNUCO,LAURICOCHA,JESÚS,CEM LAURICOCHA,169,16,153,65,82,22,8,2,6,16,5,11,37,5,32,22,0,22,63,2,61,23,2,21
2022,15/12/2021,CUSCO,CANAS,YANAOCA,CEM CANAS,185,23,162,61,99,25,3,1,2,12,5,7,29,3,26,33,1,32,86,8,78,22,5,17
2022,15/12/2021,AMAZONAS,RODRÍGUEZ DE MENDOZA,SAN NICOLAS,CEM RODRÍGUEZ DE MENDOZA,216,32,184,100,88,28,3,2,1,18,4,14,36,6,30,33,5,28,107,11,96,19,4,15
2022,15/12/2021,MOQUEGUA,GENERAL SÁNCHEZ CERRO,OMATE,CEM GENERAL SANCHEZ CERRO,143,37,106,78,45,20,10,3,7,32,17,15,34,11,23,6,0,6,47,3,44,14,3,11
2022,15/12/2021,HUÁNUCO,YAROWILCA,CHAVINILLO,CEM YAROWILCA,115,14,101,51,48,16,2,2,0,7,4,3,20,5,15,29,0,29,52,3,49,5,0,5
2022,15/12/2021,LA LIBertAD,JULCÁN,JULCÁN,CEM JULCÁN,89,9,80,30,47,12,4,1,3,4,0,4,17,3,14,14,0,14,39,3,36,11,2,9
2022,15/12/2021,SAN MARTÍN,EL DORADO,SAN JOSÉ DE SISA,CEM EL DORADO,184,50,134,106,48,30,24,14,10,47,23,24,48,10,38,23,0,23,39,3,36,3,0,3
2022,15/12/2021,CAJAMARCA,SAN MIGUEL,SAN MIGUEL,CEM SAN MIGUEL,111,6,105,50,47,14,4,2,2,6,2,4,17,2,15,36,0,36,47,0,47,1,0,1
2022,15/12/2021,CAJAMARCA,SAN MARCOS,PEDRO GALVEZ,CEM SAN MARCOS,231,18,213,101,84,46,6,1,5,19,5,14,44,4,40,38,0,38,105,4,101,19,4,15
2022,15/12/2021,AREQUIPA,CASTILLA,APLAO,CEM CASTILLA,233,46,187,141,52,40,16,10,6,35,17,18,53,8,45,25,2,23,84,2,82,20,7,13
2022,15/12/2021,AREQUIPA,CARAVELI,CARAVELI,CEM CARAVELI,127,8,119,50,39,38,0,0,0,13,5,8,23,2,21,29,0,29,57,1,56,5,0,5
2022,15/12/2021,ÁNCAsh,BOLOGNESI,CHIQUIAN,CEM BOLOGNESI,127,53,74,60,54,13,19,12,7,46,26,20,40,13,27,24,1,23,-10,0,-10,8,1,7
2022,15/12/2021,ÁNCAsh,SIHuas,SIHuas,CEM SIHuas,201,14,187,60,96,45,3,2,1,22,6,16,34,1,33,37,0,37,91,3,88,14,2,12
2022,15/12/2021,ÁNCAsh,PALLASCA,CABANA,CEM PALLASCA,104,33,71,71,25,8,22,13,9,19,10,9,19,9,10,13,0,13,29,0,29,2,1,1
2022,15/12/2021,LA LIBertAD,TRUJILLO,EL PORVENIR,CEM EL PORVENIR,1132,191,941,591,428,113,140,60,80,148,69,79,210,41,169,234,4,230,378,12,366,22,5,17
2022,15/12/2021,CUSCO,LA CONVENCIÓN,ECHARATE,CEM ECHARATI,266,22,244,102,93,71,4,1,3,31,12,19,56,6,50,42,0,42,120,1,119,13,2,11
2022,15/12/2021,ÁNCAsh,MARISCAL LUZURIAGA,PISCOBAMBA,CEM MARISCAL LUZURIAGA,119,21,98,53,58,8,1,0,1,17,6,11,22,9,13,12,1,11,61,4,57,6,1,5
2022,15/12/2021,AREQUIPA,CONDESUYOS,CHUQUIBAMBA,CEM CONDESUYOS,166,41,125,86,52,28,18,11,7,34,17,17,30,10,20,23,1,22,48,0,48,13,2,11
2022,15/12/2021,SAN MARTÍN,HUALLAGA,SAPOSOA,CEM HUALLAGA,153,16,137,64,56,33,2,2,0,21,3,18,27,3,24,26,2,24,71,5,66,6,1,5
2022,15/12/2021,puno,yunguyo,acora,cem acora,121,28,93,47,57,17,7,1,6,11,5,6,17,4,13,22,0,22,36,1,35,28,17,11
2022,15/12/2021,APURÍMAC,AYMARAES,CHALHUANCA,CEM AYMARAES,41,5,36,17,20,4,1,1,0,3,2,1,4,0,4,7,0,7,23,2,21,3,0,3
2022,15/12/2021,ÁNCAsh,ASUNCIÓN,CHACAS,CEM ASUNCION,219,73,146,199,17,3,28,14,14,38,17,21,41,16,25,40,18,22,51,3,48,21,5,16
2022,15/12/2021,CAJAMARCA,SAN PABLO,SAN PABLO,CEM SAN PABLO,94,15,79,24,42,28,3,2,1,6,5,1,26,2,24,23,3,20,31,0,31,5,3,2
2022,15/12/2021,LIMA,OYÓN,OYÓN,CEM OYON,137,4,133,65,43,29,0,0,0,8,1,7,34,2,32,26,0,26,53,1,52,16,0,16
2022,15/12/2021,CUSCO,ACOMAYO,ACOMAYO,CEM ACOMAYO,108,18,90,54,33,21,2,1,1,9,3,6,32,9,23,11,1,10,45,3,42,9,1,8
2022,15/12/2021,HUÁNUCO,MARAÑON,HUACRACHUCO,CEM MARAÑON,114,18,96,56,47,11,7,2,5,13,5,8,23,2,21,19,1,18,45,4,41,7,4,3
2022,15/12/2021,LIMA,LIMA,SANTA ROSA,CEM SANTA ROSA,130,27,103,74,31,25,6,1,5,17,6,11,43,14,29,19,1,18,38,2,36,7,3,4
2022,15/12/2021,ÁNCAsh,POMABAMBA,POMABAMBA,CEM POMABAMBA,193,21,172,106,75,12,5,2,3,23,9,14,18,7,11,48,1,47,90,2,88,9,0,9
2022,15/12/2021,tacna,tarata,tarata,cem tarata,119,36,83,77,29,13,19,11,8,19,9,10,29,11,18,14,0,14,21,0,21,17,5,12
2022,15/12/2021,TUMBES,CONTRALMIRANTE VILLAR,ZORRITOS,CEM CONTRALMIRANTE VILLAR,127,22,105,74,41,12,3,0,3,24,11,13,22,8,14,32,1,31,46,2,44,0,0,0
2022,15/12/2021,LIMA,CANTA,CANTA,CEM CANTA,109,31,78,53,47,9,13,5,8,19,13,6,23,7,16,13,1,12,28,1,27,13,4,9
2022,15/12/2021,ICA,PALPA,PALPA,CEM PALPA,207,52,155,60,106,41,29,14,15,42,16,26,67,18,49,23,0,23,40,1,39,6,3,3
2022,15/12/2021,PUNO,MOHO,MOHO,CEM MOHO,62,6,56,29,31,2,0,0,0,0,0,0,5,0,5,15,0,15,33,4,29,9,2,7
2022,15/12/2021,HUÁNUCO,HUACAYBAMBA,HUACAYBAMBA,CEM HUACAYBAMBA,154,37,117,77,55,22,28,12,16,28,12,16,20,5,15,31,1,30,40,3,37,7,4,3
2022,15/12/2021,LIMA,CAJATAMBO,cajatambo,CEM CAJATAMBO,54,6,48,28,15,11,1,1,0,3,1,2,9,1,8,8,0,8,27,0,27,6,3,3
2022,15/12/2021,ÁNCAsh,CARLOS FERMIN FITZCARRALD,SAN LUIS,CEM CARLOS FERMIN FITZCARRALD,74,7,67,38,33,3,0,0,0,7,1,6,2,1,1,17,3,14,42,2,40,6,0,6
2022,15/12/2021,ÁNCAsh,ANTONIO RAYMONDI,LLAMELLIN,CEM ANTONIO RAYMONDI,83,5,78,34,47,2,0,0,0,1,1,0,6,0,6,15,1,14,53,3,50,8,0,8
2022,15/12/2021,CAJAMARCA,SANTA CRUZ,SANTA CRUZ,CEM SANTA CRUZ,83,8,75,39,28,16,0,0,0,12,3,9,16,4,12,10,1,9,41,0,41,4,0,4
2022,15/12/2021,AREQUIPA,LA UNIÓN,COTAHUASI,CEM LA UNIÓN,37,8,29,22,14,1,4,1,3,5,3,2,13,4,9,3,0,3,8,0,8,4,0,4
2022,15/12/2021,LIMA,LIMA,LURIGANCHO,CEM CHOSICA,382,47,335,150,140,92,22,5,17,45,14,31,92,12,80,68,1,67,132,7,125,23,8,15
2022,15/12/2021,LIMA,LIMA,CIENEGUILLA,CEM CIENEGUILLA,302,84,218,113,143,46,42,22,20,71,28,43,55,10,45,40,2,38,55,7,48,39,15,24
2022,15/12/2021,ÁNCAsh,RECUAY,RECUAY,CEM RECUAY,133,12,121,48,60,25,6,3,3,17,4,13,23,3,20,26,0,26,49,0,49,12,2,10
2022,15/12/2021,LORETO,MAYNAS,NAPO,CEM NAPO,109,31,78,63,24,22,18,11,7,20,7,13,26,6,20,14,3,11,28,4,24,3,0,3
2022,15/12/2021,ÁNCAsh,AIJA,aija,CEM AIJA,80,19,61,58,16,6,12,6,6,16,6,10,20,6,14,8,0,8,21,1,20,3,0,3
2022,15/12/2021,ÁNCAsh,OCROS,OCROS,CEM OCROS,50,9,41,32,11,7,3,0,3,9,3,6,9,3,6,7,0,7,10,0,10,12,3,9
2022,15/12/2021,LA LIBertAD,BOLIVAR,BOLIVAR,CEM BOLIVAR,159,36,123,89,58,12,29,14,15,32,12,20,28,7,21,25,0,25,35,3,32,10,0,10
2022,15/12/2021,CUSCO,PARURO,PARURO,CEM PARURO,119,14,105,39,64,16,2,1,1,8,5,3,23,6,17,27,0,27,53,2,51,6,0,6
2022,15/12/2021,UCAYALI,PURÚS,PURÚS,CEM PURUS,34,8,26,6,18,10,4,2,2,7,4,3,14,2,12,13,0,13,-4,0,-4,0,0,0
2022,15/12/2021,AMAZONAS,BONGARÁ,JUMBILLA,CEM BONGARÁ,64,6,58,26,29,9,4,1,3,8,2,6,8,3,5,12,0,12,28,0,28,4,0,4
2022,15/12/2021,LORETO,PUTUMAYO,PUTUMAYO,CEM PUTUMAYO,78,5,73,24,27,27,1,0,1,17,1,16,22,2,20,15,1,14,21,1,20,2,0,2
2022,15/12/2021,ÁNCAsh,CORONGO,CORONGO,CEM CORONGO,38,10,28,14,14,10,5,4,1,3,1,2,10,3,7,10,1,9,9,0,9,1,1,0
2022,15/12/2021,JUNÍN,CHANCHAMAYO,PICHANAQUI,CEM PICHANAQUI,142,10,132,52,51,39,6,3,3,17,4,13,27,0,27,36,0,36,50,1,49,6,2,4
2022,15/12/2021,LIMA,LIMA,SAN JUAN DE LURIGANCHO,CEM ZARATE,269,45,224,109,100,60,36,18,18,49,13,36,61,10,51,42,1,41,60,0,60,21,3,18
2022,15/12/2021,CUSCO,CUSCO,SAN SEBASTIÁN,CEM SAN SEBASTIÁN,308,87,221,190,84,34,59,33,26,58,27,31,66,21,45,45,2,43,70,1,69,10,3,7
2022,15/12/2021,AREQUIPA,CAYLLOMA,MAJES,CEM MAJES,323,52,271,112,123,88,22,13,9,51,19,32,65,9,56,58,5,53,111,1,110,16,5,11
2022,15/12/2021,AREQUIPA,AREQUIPA,MARIANO MELGAR,CEM MARIANO MELGAR,352,50,302,194,101,57,15,4,11,49,17,32,70,12,58,44,5,39,130,3,127,44,9,35
2022,15/12/2021,LA LIBERTAD,TRUJILLO,FLORENCIA DE MORA,CEM FLORENCIA DE MORA,256,58,198,139,83,34,33,20,13,58,23,35,55,13,42,31,0,31,62,0,62,17,2,15
2022,15/12/2021,LIMA,LIMA,LA VÍCTORIA,CEM LA VÍCTORIA,412,108,304,118,217,77,34,21,13,89,49,40,97,26,71,59,2,57,95,2,93,38,8,30
2022,15/12/2021,LIMA,LIMA,SAN MIGUEL,CEM SAN MIGUEL - LIMA,290,64,226,136,101,53,14,5,9,50,25,25,61,16,45,40,0,40,93,6,87,32,12,20
2022,15/12/2021,MADRE DE DIOS,TAMBOPATA,INAMBARI,CEM INAMBARI,201,28,173,67,91,43,17,10,7,34,12,22,19,1,18,48,0,48,80,4,76,3,1,2
2022,15/12/2021,CUSCO,cusco,SAYLLA,CEM SAYLLA,235,50,185,133,96,6,24,8,16,36,19,17,29,11,18,51,5,46,86,6,80,9,1,8
2022,15/12/2021,LORETO,MAYNAS,SAN JUAN BAUTISTA,CEM SAN JUAN BAUTISTA,227,19,208,133,49,45,5,1,4,23,7,16,49,5,44,48,1,47,90,3,87,12,2,10
2022,15/12/2021,AREQUIPA,AREQUIPA,CERRO COLORADO,CEM COMISARÍA CERRO COLORADO,1578,270,1308,715,573,290,135,60,75,282,98,184,311,67,244,261,5,256,507,13,494,82,27,55
2022,15/12/2021,LAMBAYEQUE,CHICLAYO,JOSE LEONARDO ORTIZ,CEM COMISARÍA JOSE LEONARDO ORTIZ,370,15,355,177,148,45,7,0,7,29,6,23,51,6,45,119,0,119,148,2,146,16,1,15
2022,15/12/2021,LA LIBertAD,TRUJILLO,HUANCHACO,CEM COMISARÍA EL MILAGRO,321,42,279,126,120,75,24,8,16,52,19,33,74,11,63,73,0,73,92,3,89,6,1,5
2022,15/12/2021,LIMA,CAÑETE,IMPERIAL,CEM COMISARÍA IMPERIAL,501,39,462,202,249,50,18,8,10,34,11,23,68,10,58,135,1,134,225,4,221,21,5,16
2022,15/12/2021,LIMA,LIMA,VILLA MARIA DEL TRIUNFO,CEM COMISARÍA VILLA MARIA DEL TRIUNFO,952,189,763,518,291,143,56,34,22,124,54,70,146,30,116,173,5,168,349,34,315,104,32,72
2022,15/12/2021,AYACUCHO,HUAMANGA,CARMEN ALTO,CEM COMISARÍA CARMEN ALTO,469,18,451,129,247,93,8,1,7,17,3,14,84,6,78,149,0,149,189,4,185,22,4,18
2022,15/12/2021,AYACUCHO,HUANTA,HUANTA,CEM COMISARÍA HUANTA,724,71,653,288,331,105,24,12,12,72,21,51,108,14,94,220,7,213,266,9,257,34,8,26
2022,15/12/2021,LIMA,LIMA,CHORRILLOS,CEM COMISARÍA CHORRILLOS,1413,301,1112,580,524,309,171,78,93,234,86,148,330,63,267,222,10,212,308,10,298,148,54,94
2022,15/12/2021,TACNA,TACNA,CIUDAD NUEVA,CEM COMISARÍA CIUDAD NUEVA,378,42,336,145,158,75,17,6,11,37,16,21,72,5,67,79,2,77,154,9,145,19,4,15
2022,15/12/2021,LIMA,LIMA,SANTIAGO DE SURCO,CEM COMISARÍA SAGITARIO,400,43,357,245,88,67,30,11,19,43,16,27,59,12,47,76,1,75,162,0,162,30,3,27
2022,15/12/2021,LIMA,LIMA,SAN JUAN DE LURIGANCHO,CEM COMISARÍA CANTO REY,404,47,357,160,134,110,36,14,22,63,21,42,73,5,68,95,2,93,131,4,127,6,1,5
2022,15/12/2021,CALLAO,CALLAO,CARMEN DE LA LEGUA,CEM COMISARÍA CARMEN DE LA LEGUA REYNOSO,335,52,283,153,109,73,41,17,24,46,16,30,61,12,49,91,3,88,87,2,85,9,2,7
2022,15/12/2021,CAJAMARCA,CAJAMARCA,CAJAMARCA,CEM COMISARÍA DE FAMILIA CAJAMARCA,527,50,477,241,209,77,14,9,5,38,15,23,96,10,86,125,4,121,235,11,224,19,1,18
2022,15/12/2021,CUSCO,CUSCO,WANCHAQ,CEM COMISARÍA DE FAMILIA WANCHAQ CUSCO,407,70,337,213,140,54,14,7,7,39,23,16,32,6,26,86,2,84,199,24,175,37,8,29
2022,15/12/2021,LIMA,LIMA,EL AGUSTINO,CEM COMISARÍA DE FAMILIA EL AGUSTINO,538,110,428,253,199,86,64,29,35,77,28,49,101,20,81,96,2,94,154,10,144,46,21,25
2022,15/12/2021,JUNÍN,HUANCAYO,HUANCAYO,CEM COMISARÍA HUANCAYO,862,80,782,334,371,157,40,10,30,75,24,51,125,15,110,259,7,252,310,9,301,53,15,38
2022,15/12/2021,LORETO,MAYNAS,IQUITOS,CEM COMISARÍA IQUITOS,291,15,276,105,99,87,7,2,5,34,10,24,66,1,65,76,0,76,101,0,101,7,2,5
2022,15/12/2021,LIMA,LIMA,LOS OLIVOS,CEM COMISARÍA LAURA CALLER,845,127,718,407,279,159,62,27,35,107,33,74,162,41,121,157,2,155,303,12,291,54,12,42
2022,15/12/2021,LIMA,LIMA,SAN MARTIN DE PORRES,CEM COMISARÍA SAN MARTIN DE PORRES,653,118,535,305,247,101,67,32,35,93,43,50,124,19,105,117,4,113,195,8,187,57,12,45
2022,15/12/2021,LIMA,LIMA,CARABAYLLO,CEM COMISARÍA SAN PEDRO DE CARABAYLLO,518,68,450,202,156,160,32,14,18,73,26,47,128,14,114,105,4,101,162,5,157,18,5,13
2022,15/12/2021,CAJAMARCA,CAJAMARCA,ASUNCION,CEM COMISARÍA ASUNCIÓN,49,3,46,15,14,20,2,0,2,2,1,1,13,0,13,9,1,8,19,0,19,4,1,3
2022,15/12/2021,LIMA,LIMA,COMAS,CEM COMISARÍA DE FAMILIA COLLIQUE,614,57,557,227,295,92,12,5,7,68,19,49,97,19,78,164,2,162,235,3,232,38,9,29
2022,15/12/2021,TACNA,TACNA,CORONEL GREGORIO ALBARRACIN LANCHIPA,CEM COMISARÍA GREGORIO ALBARRACÍN,806,44,762,300,361,145,7,3,4,61,18,43,110,13,97,204,2,202,409,7,402,15,1,14
2022,15/12/2021,PIURA,SULLANA,SULLANA,CEM COMISARÍA NUEVA SULLANA,220,14,206,83,110,27,1,0,1,16,7,9,31,2,29,76,1,75,88,3,85,8,1,7
2022,15/12/2021,CUSCO,CANCHIS,SICUANI,CEM COMISARIA SICUANI,490,51,439,188,238,64,14,5,9,51,26,25,65,12,53,123,1,122,219,2,217,18,5,13
2022,15/12/2021,JUNÍN,SATIPO,MAZAMARI,CEM COMISARÍA MAZAMARI,368,34,334,122,152,94,10,7,3,44,14,30,73,3,70,96,1,95,131,6,125,14,3,11
2022,15/12/2021,MOQUEGUA,MARISCAL NIETO,SAMEGUA,CEM COMISARÍA SAMEGUA,207,42,165,99,85,23,12,5,7,24,17,7,29,5,24,31,0,31,88,7,81,23,8,15
2022,15/12/2021,LIMA,LIMA,SANTA ANITA,CEM COMISARÍA SANTA ANITA,895,80,815,274,415,206,17,6,11,66,22,44,144,18,126,259,6,253,356,20,336,53,8,45
2022,15/12/2021,PUNO,SAN ROMÁN,JULIACA,CEM COMISARÍA SANTA BARBARA,700,64,636,240,373,87,15,8,7,45,12,33,84,12,72,163,3,160,343,11,332,50,18,32
2022,15/12/2021,PUNO,PUNO,PUNO,CEM COMISARÍA PUNO,352,30,322,116,172,64,11,4,7,28,13,15,57,7,50,67,2,65,164,1,163,25,3,22
2022,15/12/2021,ÁNCAsh,SANTA,CHIMBOTE,CEM COMISARÍA CHIMBOTE,590,81,509,306,225,59,12,5,7,53,19,34,59,7,52,153,6,147,248,17,231,65,27,38
2022,15/12/2021,TUMBES,TUMBES,TUMBES,CEM COMISARÍA DE FAMILIA TUMBES,601,38,563,173,331,97,15,4,11,45,11,34,74,13,61,229,2,227,221,4,217,17,4,13
2022,15/12/2021,HUANCAVELICA,HUANCAVELICA,HUANCAVELICA,CEM COMISARÍA SANTA ANA - HUANCAVELICA,558,52,506,162,334,62,7,2,5,25,9,16,67,7,60,171,7,164,255,18,237,33,9,24
2022,15/12/2021,LIMA,LIMA,PUEBLO LIBRE,CEM COMISARÍA PUEBLO LIBRE,185,22,163,90,44,51,6,4,2,20,4,16,31,5,26,30,2,28,71,3,68,27,4,23
2022,15/12/2021,LA LIBERTAD,PACASMAYO,SAN JOSÉ,CEM COMISARÍA SAN JOSÉ,216,29,187,76,90,50,8,7,1,20,11,9,51,5,46,55,0,55,77,5,72,5,1,4
2022,15/12/2021,LIMA,LIMA,LURÍN,CEM COMISARÍA LURÍN,623,73,550,223,277,123,23,12,11,71,25,46,122,19,103,181,5,176,211,9,202,15,3,12
2022,15/12/2021,LIMA,LIMA,SAN BORJA,CEM COMISARÍA SAN BORJA,373,50,323,238,88,47,13,8,5,42,13,29,36,8,28,74,0,74,169,10,159,39,11,28
2022,15/12/2021,HUÁNUCO,HUÁNUCO,AMARILIS,CEM COMISARÍA AMARILIS,1258,141,1117,591,536,131,44,26,18,88,36,52,156,35,121,305,6,299,575,19,556,90,19,71
2022,15/12/2021,LIMA,HUARAL,CHANCAY,CEM COMISARÍA CHANCAY,410,54,356,184,156,70,18,10,8,54,25,29,69,10,59,109,1,108,146,4,142,14,4,10
2022,15/12/2021,ICA,ICA,ICA,CEM COMISARÍA ICA,851,78,773,335,291,225,10,4,6,61,19,42,131,15,116,240,8,232,360,22,338,49,10,39
2022,15/12/2021,SAN MARTÍN,RIOJA,PARDO MIGUEL,CEM COMISARÍA NARANJOS,275,25,250,102,113,60,7,5,2,41,9,32,64,3,61,67,3,64,91,5,86,5,0,5
2022,15/12/2021,APURÍMAC,ANDAHUAYLAS,TALAVERA,CEM COMISARÍA TALAVERA,480,24,456,238,202,40,2,1,1,24,9,15,40,5,35,138,1,137,243,2,241,33,6,27
2022,15/12/2021,LIMA,LIMA,ATE,CEM COMISARÍA VITARTE,683,112,571,261,248,174,64,32,32,119,46,73,138,23,115,127,2,125,207,4,203,28,5,23
2022,15/12/2021,AREQUIPA,AREQUIPA,PAUCARPATA,CEM COMISARÍA CAMPO MARTE,1085,146,939,571,366,148,36,11,25,114,37,77,157,39,118,191,11,180,485,20,465,102,28,74
2022,15/12/2021,ICA,CHINCHA,CHINCHA ALTA,CEM COMISARÍA CHINCHA,567,33,534,206,271,90,9,4,5,34,10,24,80,3,77,162,9,153,257,3,254,25,4,21
2022,15/12/2021,LIMA,LIMA,SAN MARTIN DE PORRES,CEM COMISARÍA CONDEVILLA,694,98,596,333,233,128,45,17,28,100,36,64,138,25,113,133,1,132,208,5,203,70,14,56
2022,15/12/2021,LIMA,HUAURA,HUACHO,CEM COMISARÍA HUACHO,617,75,542,274,263,80,22,14,8,58,24,34,91,15,76,152,3,149,261,13,248,33,6,27
2022,15/12/2021,LIMA,HUAROCHIRI,SAN ANTONIO,CEM COMISARÍA JICAMARCA,647,62,585,261,272,114,25,8,17,66,21,45,119,17,102,160,8,152,263,4,259,14,4,10
2022,15/12/2021,PASCO,OXAPAMPA,PUERTO BERMUDEZ,CEM COMISARÍA PUERTO BERMUDEZ,177,19,158,40,83,54,4,3,1,27,8,19,42,5,37,51,1,50,48,2,46,5,0,5
2022,15/12/2021,LIMA,LIMA,ATE,CEM COMISARÍA SANTA CLARA,757,106,651,317,303,137,26,12,14,74,33,41,122,20,102,188,12,176,313,17,296,34,12,22
2022,15/12/2021,AREQUIPA,AREQUIPA,JACOBO HUNTER,CEM COMISARÍA ANDRES AVELINO CACERES,762,144,618,395,242,125,63,20,43,128,50,78,164,32,132,102,5,97,245,22,223,60,15,45
2022,15/12/2021,LIMA,BARRANCA,BARRANCA,CEM COMISARÍA BARRANCA,624,85,539,268,299,57,29,14,15,57,17,40,75,5,70,167,14,153,243,21,222,53,14,39
2022,15/12/2021,AREQUIPA,CAYLLOMA,CHIVAY,CEM COMISARÍA CHIVAY,395,65,330,203,161,31,28,11,17,39,17,22,53,15,38,61,2,59,182,16,166,32,4,28
2022,15/12/2021,LIMA,LIMA,SAN JUAN DE LURIGANCHO,CEM COMISARÍA DE FAMILIA CANTO REY,551,66,485,170,208,173,31,14,17,85,22,63,111,13,98,139,3,136,165,5,160,20,9,11
2022,15/12/2021,MOQUEGUA,MARISCAL NIETO,MOQUEGUA,CEM COMISARÍA SAN ANTONIO,309,27,282,132,132,45,6,0,6,22,8,14,51,14,37,64,2,62,155,1,154,11,2,9
2022,15/12/2021,CUSCO,CUSCO,SANTIAGO,CEM COMISARÍA SANTIAGO,516,75,441,272,195,49,40,17,23,63,25,38,68,19,49,119,2,117,205,7,198,21,5,16
2022,15/12/2021,CALLAO,CALLAO,CALLAO,CEM COMISARÍA SAN JUAN INGUNZA VALDIVIA,263,35,228,126,89,48,10,5,5,29,14,15,40,6,34,68,1,67,102,5,97,14,4,10
2022,15/12/2021,LIMA,LIMA,LA MOLINA,CEM COMISARÍA LA MOLINA,233,66,167,88,116,29,22,12,10,46,28,18,44,17,27,30,0,30,74,6,68,17,3,14
2022,15/12/2021,LIMA,LIMA,LA VICTORIA,CEM COMISARÍA APOLO,570,94,476,235,203,132,33,15,18,69,25,44,112,17,95,145,6,139,164,12,152,47,19,28
2022,15/12/2021,ÁNCAsh,CASMA,CASMA,CEM COMISARÍA CASMA,614,89,525,226,267,121,45,22,23,62,25,37,149,10,139,149,5,144,177,16,161,32,11,21
2022,15/12/2021,JUNÍN,YAULI,LA OROYA,CEM COMISARÍA LA OROYA,212,50,162,97,98,17,19,7,12,27,14,13,46,19,27,39,3,36,69,4,65,12,3,9
2022,15/12/2021,ICA,ICA,LA TINGUIÑA,CEM COMISARÍA LA TINGUIÑA,374,41,333,161,145,68,10,7,3,41,18,23,61,9,52,95,2,93,152,1,151,15,4,11
2022,15/12/2021,LIMA,LIMA,PUENTE PIEDRA,CEM COMISARÍA PUENTE PIEDRA,908,115,793,478,264,166,43,17,26,106,46,60,144,23,121,223,5,218,345,9,336,47,15,32
2022,15/12/2021,CUSCO,CUSCO,CUSCO,CEM COMISARÍA TAHUANTINSUYO,608,117,491,350,225,33,53,25,28,71,43,28,50,15,35,141,3,138,243,17,226,50,14,36
2022,15/12/2021,SAN MARTÍN,MOYOBAMBA,MOYOBAMBA,CEM COMISARÍA UCHUGLLA,577,53,524,258,238,81,7,2,5,52,17,35,107,9,98,150,5,145,236,10,226,25,10,15
2022,15/12/2021,AREQUIPA,AREQUIPA,CAYMA,CEM COMISARÍA ACEQUIA ALTA,1216,270,946,645,424,147,107,52,55,200,90,110,221,64,157,192,8,184,419,35,384,77,21,56
2022,15/12/2021,HUANCAVELICA,HUANCAVELICA,HUACHOCOLPA,CEM COMISARÍA HUACHOCOLPA,22,5,17,6,12,4,2,2,0,4,3,1,2,0,2,10,0,10,4,0,4,0,0,0
2022,15/12/2021,CALLAO,CALLAO,CALLAO,CEM COMISARÍA PLAYA RIMAC,312,46,266,143,124,45,9,5,4,44,19,25,42,7,35,88,1,87,109,11,98,20,3,17
2022,15/12/2021,LIMA,LIMA,SAN ISIDRO,CEM COMISARÍA SAN ISIDRO,258,47,211,94,93,71,22,13,9,29,14,15,40,14,26,73,0,73,76,3,73,18,3,15
2022,15/12/2021,JUNÍN,HUANCAYO,SAPALLANGA,CEM COMISARÍA SAPALLANGA,521,103,418,258,204,59,77,37,40,95,36,59,113,27,86,102,1,101,119,0,119,15,2,13
2022,15/12/2021,ÁNCAsh,SANTA,NUEVO CHIMBOTE,CEM COMISARÍA SECTORIAL BUENOS AIRES,885,100,785,497,289,99,19,8,11,76,30,46,108,19,89,212,8,204,410,17,393,60,18,42
2022,15/12/2021,LAMBAYEQUE,CHICLAYO,SAÑA,CEM COMISARÍA ZAÑA,203,32,171,97,81,25,5,2,3,25,12,13,26,6,20,43,0,43,84,5,79,20,7,13
2022,15/12/2021,JUNÍN,JAUJA,JAUJA,CEM COMISARÍA JAUJA,385,44,341,126,208,51,27,15,12,30,11,19,60,7,53,102,7,95,154,3,151,12,1,11
2022,15/12/2021,PUNO,AZANGARO,AZANGARO,CEM COMISARÍA AZANGARO,375,23,352,110,221,44,10,6,4,20,3,17,45,6,39,102,0,102,173,7,166,25,1,24
2022,15/12/2021,PASCO,PASCO,YANACANCHA,CEM COMISARÍA DE FAMILIA YANACANCHA,270,54,216,140,98,32,33,20,13,32,18,14,44,16,28,61,0,61,94,0,94,6,0,6
2022,15/12/2021,PASCO,PASCO,SIMON BOLIVAR,CEM COMISARÍA LA ESPERANZA,153,22,131,67,80,6,5,3,2,27,13,14,16,2,14,40,1,39,61,3,58,4,0,4
2022,15/12/2021,LAMBAYEQUE,LAMBAYEQUE,LAMBAYEQUE,CEM COMISARÍA LAMBAYEQUE,328,14,314,110,165,53,3,1,2,21,5,16,56,6,50,96,0,96,135,1,134,17,1,16
2022,15/12/2021,LIMA,LIMA,BARRANCO,CEM COMISARÍA BARRANCO,353,86,267,232,63,58,43,22,21,68,23,45,67,23,44,41,4,37,84,7,77,50,7,43
2022,15/12/2021,APURÍMAC,ABANCAY,ABANCAY,CEM COMISARÍA BELLAVISTA,437,41,396,217,186,34,13,5,8,31,14,17,34,4,30,126,1,125,217,9,208,16,8,8
2022,15/12/2021,APURÍMAC,ABANCAY,CURAHUASI,CEM COMISARÍA CURAHUASI,293,22,271,95,168,30,6,5,1,8,2,6,42,7,35,59,1,58,165,4,161,13,3,10
2022,15/12/2021,LA LIBERTAD,TRUJILLO,FLORENCIA DE MORA,CEM COMISARÍA FLORENCIA DE LA MORA,297,33,264,87,158,52,13,6,7,28,8,20,57,0,57,60,4,56,120,5,115,19,10,9
2022,15/12/2021,LIMA,LIMA,LINCE,CEM COMISARÍA LINCE,221,23,198,100,73,48,5,3,2,23,6,17,39,1,38,46,0,46,83,5,78,25,8,17
2022,15/12/2021,LIMA,CAÑETE,SAN ANTONIO,CEM COMISARÍA SAN ANTONIO - CAÑETE,431,44,387,138,181,112,11,1,10,49,16,33,91,11,80,127,3,124,149,11,138,4,2,2
2022,15/12/2021,ICA,PISCO,SAN CLEMENTE,CEM COMISARÍA SAN MIGUEL - PISCO,436,33,403,227,151,58,11,3,8,35,10,25,62,9,53,128,0,128,193,10,183,7,1,6
2022,15/12/2021,LIMA,CAÑETE,SAN VICENTE DE CAÑETE,CEM COMISARÍA SAN VICENTE DE CAÑETE,409,52,357,122,227,60,12,7,5,42,17,25,55,11,44,125,5,120,152,6,146,23,6,17
2022,15/12/2021,HUÁNUCO,PUERTO INCA,TOURNAVISTA,CEM COMISARÍA TOURNAVISTA,113,12,101,39,41,33,5,1,4,14,4,10,26,5,21,37,2,35,28,0,28,3,0,3
2022,15/12/2021,CUSCO,CUSCO,SAN JERONIMO,CEM COMISARÍA SAN JERONIMO,727,145,582,385,281,61,90,52,38,93,48,45,104,30,74,151,0,151,268,9,259,21,6,15
2022,15/12/2021,HUÁNUCO,LEONCIO PRADO,JOSE CRESPO Y CASTILLO,CEM COMISARÍA AUCAYACU,287,13,274,82,128,77,9,2,7,26,6,20,63,0,63,79,2,77,102,0,102,8,3,5
2022,15/12/2021,PIURA,PIURA,PIURA,CEM COMISARÍA DE FAMILIA PIURA,562,65,497,319,175,68,18,10,8,63,29,34,86,18,68,135,3,132,239,2,237,21,3,18
2022,15/12/2021,AREQUIPA,AREQUIPA,LA JOYA,CEM COMISARÍA EL TRIUNFO,400,38,362,168,152,80,10,2,8,37,16,21,77,14,63,85,2,83,172,1,171,19,3,16
2022,15/12/2021,SAN MARTÍN,MARISCAL CACERES,JUANJUI,CEM COMISARÍA JUANJUI,435,37,398,169,188,78,5,2,3,44,9,35,70,11,59,135,3,132,173,11,162,8,1,7
2022,15/12/2021,LIMA,LIMA,SAN LUIS,CEM COMISARÍA SAN LUIS,516,128,388,234,209,73,41,20,21,94,49,45,130,25,105,72,3,69,132,10,122,47,21,26
2022,15/12/2021,LORETO,ALTO AMAZONAS,YURIMAGUAS,CEM COMISARÍA YURIMAGUAS,412,21,391,165,168,79,4,0,4,21,4,17,67,4,63,98,1,97,215,9,206,7,3,4
2022,15/12/2021,LIMA,LIMA,LIMA,CEM COMISARÍA ALFONSO UGARTE,237,36,201,88,84,65,10,5,5,21,9,12,47,7,40,48,4,44,94,2,92,17,9,8
2022,15/12/2021,AMAZONAS,BAGUA,BAGUA,CEM COMISARÍA BAGUA,281,19,262,97,123,61,9,2,7,26,6,20,41,0,41,75,2,73,119,6,113,11,3,8
2022,15/12/2021,MADRE DE DIOS,MANU,MANU,CEM COMISARÍA SALVACION,78,13,65,25,44,9,6,0,6,6,4,2,12,2,10,14,1,13,35,2,33,5,4,1
2022,15/12/2021,PUNO,CHUCUITO,DESAGUADERO,CEM COMISARÍA DESAGUADERO,215,22,193,62,136,17,3,2,1,7,2,5,27,9,18,50,3,47,109,2,107,19,4,15
2022,15/12/2021,CUSCO,CUSCO,SAN SEBASTIAN,CEM COMISARÍA SAN SEBASTIAN,786,138,648,354,315,117,84,47,37,111,36,75,126,29,97,155,3,152,273,17,256,37,6,31
2022,15/12/2021,PIura,SULLANA,SULLANA,CEM COMISARÍA EL OBRERO,456,32,424,133,269,54,6,4,2,30,10,20,64,7,57,154,2,152,179,2,177,23,7,16
2022,15/12/2021,LIMA,HUAURA,SAYAN,CEM COMISARÍA SAYAN,140,10,130,41,70,29,3,1,2,23,3,20,21,1,20,34,3,31,57,1,56,2,1,1
2022,15/12/2021,LIMA,LIMA,SAN JUAN DE LURIGANCHO,CEM COMISARÍA SANTA ELIZABETH,650,96,554,176,231,243,61,26,35,101,30,71,177,21,156,125,6,119,154,1,153,32,12,20
2022,15/12/2021,LIMA,LIMA,LOS OLIVOS,CEM COMISARÍA SOL DE ORO,1058,161,897,493,365,200,53,29,24,116,47,69,182,41,141,261,4,257,372,15,357,74,25,49
2022,15/12/2021,LA LIBertAD,TRUJILLO,LAREDO,CEM COMISARÍA LAREDO,257,26,231,85,115,57,4,1,3,27,6,21,47,6,41,67,1,66,98,4,94,14,8,6
2022,15/12/2021,ÁNCAsh,SANTA,CHIMBOTE,CEM COMISARÍA ALTO PERU,583,114,469,321,207,55,27,12,15,67,40,27,58,12,46,122,9,113,249,19,230,60,22,38
2022,15/12/2021,ICA,CHINCHA,CHINCHA BAJA,CEM COMISARÍA CHINCHA BAJA,129,28,101,61,54,14,1,1,0,12,4,8,18,5,13,34,1,33,47,5,42,17,12,5
2022,15/12/2021,LIMA,LIMA,SAN JUAN DE LURIGANCHO,CEM COMISARÍA CAJA DE AGUA,575,77,498,290,161,124,44,26,18,76,20,56,102,14,88,137,3,134,176,5,171,40,9,31
2022,15/12/2021,LIMA,LIMA,ATE,CEM COMISARÍA HUAYCAN,584,78,506,182,201,201,30,12,18,69,24,45,169,14,155,122,3,119,157,3,154,37,22,15
2022,15/12/2021,LIMA,LIMA,lurin,CEM COMISARÍA VILLA ALEJANDRO,532,99,433,178,240,114,37,12,25,110,45,65,121,20,101,81,2,79,155,5,150,28,15,13
2022,15/12/2021,LAMBAYEQUE,CHICLAYO,CHICLAYO,CEM COMISARÍA DE FAMILIA CHICLAYO,413,42,371,118,202,93,24,13,11,45,10,35,79,9,70,120,2,118,126,1,125,19,7,12
2022,15/12/2021,LIMA,LIMA,ANCON,CEM COMISARÍA ANCON,650,87,563,283,237,130,25,13,12,98,31,67,108,9,99,137,6,131,257,20,237,25,8,17
2022,15/12/2021,CUSCO,CUSCO,SANTIAGO,CEM COMISARÍA FAMILIA SANTIAGO,652,117,535,357,239,56,64,32,32,96,44,52,95,26,69,148,6,142,227,9,218,22,0,22
2022,15/12/2021,PUNO,YUNGUYO,YUNGUYO,CEM COMISARÍA YUNGUYO,348,38,310,122,200,26,9,3,6,29,13,16,45,8,37,87,6,81,140,4,136,38,4,34
2022,15/12/2021,LIMA,LIMA,SAN JUAN DE MIRAFLORES,CEM COMISARÍA PAMPLONA II,454,45,409,129,185,140,23,10,13,32,10,22,96,11,85,114,1,113,166,4,162,23,9,14
2022,15/12/2021,CALLAO,CALLAO,CALLAO,CEM COMISARÍA RAMON CASTILLA,377,65,312,174,152,51,16,4,12,69,19,50,68,15,53,62,7,55,123,15,108,39,5,34
2022,15/12/2021,PIURA,AYABACA,AYABACA,CEM COMISARÍA SECTORIAL AYABACA,226,41,185,115,74,37,15,9,6,34,14,20,59,13,46,45,0,45,62,2,60,11,3,8
2022,15/12/2021,APURÍMAC,ABANCAY,TAMBURCO,CEM COMISARÍA TAMBURCO,276,39,237,119,136,21,4,3,1,8,3,5,31,9,22,56,2,54,150,13,137,27,9,18
2022,15/12/2021,LIMA,LIMA,LIMA,CEM COMISARÍA PALOMINO,171,24,147,60,53,58,4,0,4,17,9,8,42,10,32,40,1,39,58,2,56,10,2,8
2022,15/12/2021,LIMA,LIMA,LA MOLINA,CEM COMISARÍA LAS PRADERAS,233,47,186,119,77,37,10,6,4,28,19,9,37,6,31,44,4,40,98,11,87,16,1,15
2022,15/12/2021,ÁNCAsh,SANTA,NUEVO CHIMBOTE,CEM COMISARÍA VILLA MARIA,323,32,291,128,145,50,10,6,4,39,11,28,54,5,49,85,2,83,121,5,116,14,3,11
2022,15/12/2021,TACNA,TACNA,ALTO DE LA ALIANZA,CEM COMISARÍA ALTO DE LA ALIANZA,346,47,299,120,175,51,10,8,2,27,12,15,56,6,50,87,2,85,144,11,133,22,8,14
2022,15/12/2021,LA LIBertAD,ASCOPE,SANTIAGO DE CAO,CEM COMISARÍA CARTAVIO,177,15,162,72,70,35,9,2,7,21,6,15,39,6,33,58,1,57,44,0,44,6,0,6
2022,15/12/2021,SAN MARTÍN,TOCACHE,TOCACHE,CEM COMISARÍA SECTORIAL TOCACHE,359,44,315,113,155,91,15,9,6,56,11,45,72,10,62,86,3,83,123,9,114,7,2,5
2022,15/12/2021,LA LIBertAD,SANCHEZ CARRION,HUAMACHUCO,CEM COMISARÍA HUAMACHUCO,354,16,338,98,206,50,2,0,2,11,4,7,55,4,51,140,3,137,140,4,136,6,1,5
2022,15/12/2021,LAMBAYEQUE,LAMBAYEQUE,OLMOS,CEM COMISARÍA SECTORIAL OLMOS,290,6,284,112,125,53,7,2,5,14,1,13,49,2,47,108,1,107,106,0,106,6,0,6
2022,15/12/2021,SAN MARTÍN,LAMAS,TABALOSOS,CEM COMISARÍA TABALOSOS,187,22,165,78,71,38,5,2,3,21,6,15,38,2,36,33,4,29,73,1,72,17,7,10
2022,15/12/2021,LIMA,LIMA,SAN JUAN DE LURIGANCHO,CEM COMISARÍA BAYOVAR,447,64,383,189,150,108,27,6,21,63,23,40,89,10,79,82,3,79,151,12,139,35,10,25
2022,15/12/2021,LA LIBertAD,VIRU,CHAO,CEM COMISARÍA CHAO,447,30,417,116,247,84,9,3,6,24,5,19,75,3,72,212,6,206,119,8,111,8,5,3
2022,15/12/2021,AREQUIPA,AREQUIPA,MIRAFLORES,CEM COMISARÍA EL PORVENIR,520,75,445,261,168,91,21,11,10,72,24,48,91,30,61,101,2,99,190,1,189,45,7,38
2022,15/12/2021,LA LIBertAD,PACASMAYO,PACASMAYO,CEM COMISARÍA PACASMAYO,335,43,292,125,153,57,7,2,5,28,9,19,74,17,57,82,2,80,116,2,114,28,11,17
2022,15/12/2021,AYACUCHO,HUAMANGA,AYACUCHO,CEM COMISARÍA DE FAMILIA AYACUCHO,805,43,762,245,413,147,7,4,3,46,9,37,113,15,98,277,4,273,328,7,321,34,4,30
2022,15/12/2021,LIMA,HUAROCHIRI,SAN ANTONIO,CEM COMISARÍA JICAMARCA II,298,35,263,130,132,36,16,9,7,45,17,28,51,7,44,74,1,73,102,0,102,10,1,9
2022,15/12/2021,LIMA,BARRANCA,PARAMONGA,CEM COMISARÍA PARAMONGA,266,52,214,108,118,40,12,4,8,41,15,26,48,14,34,54,1,53,93,13,80,18,5,13
2022,15/12/2021,PIURA,PIURA,LA UNION,CEM COMISARÍA LA UNION,416,33,383,177,189,50,4,2,2,20,7,13,68,4,64,120,6,114,185,6,179,19,8,11
2022,15/12/2021,ICA,ICA,SAN JUAN BAUTISTA,CEM COMISARÍA SAN JUAN BAUTISTA,329,39,290,132,135,62,17,7,10,40,17,23,56,8,48,78,3,75,126,3,123,12,1,11
2022,15/12/2021,PIURA,PAITA,LA HUACA,CEM COMISARÍA LA HUACA,155,15,140,49,66,40,1,1,0,14,4,10,48,6,42,39,0,39,48,2,46,5,2,3
2022,15/12/2021,ÁNCAsh,HUARAZ,HUARAZ,CEM COMISARÍA HUARAZ,580,45,535,190,237,153,12,8,4,53,15,38,111,14,97,149,2,147,237,5,232,18,1,17
2022,15/12/2021,AREQUIPA,AREQUIPA,SACHACA,CEM COMISARÍA PAMPA DE CAMARONES,727,116,611,366,259,102,51,27,24,94,42,52,115,17,98,134,16,118,269,5,264,64,9,55
2022,15/12/2021,ICA,CHINCHA,EL CARMEN,CEM COMISARÍA EL CARMEN,95,8,87,38,48,9,0,0,0,6,4,2,15,1,14,27,0,27,42,1,41,5,2,3
2022,15/12/2021,LAMBAYEQUE,LAMBAYEQUE,LAMBAYEQUE,CEM COMISARÍA SAN MARTIN DE PORRES - LAMBAYE,415,40,375,184,191,40,9,3,6,45,20,25,52,6,46,128,2,126,165,5,160,16,4,12
2022,15/12/2021,ÁNCAsh,YUNGAY,YUNGAY,CEM COMISARÍA YUNGAY,223,41,182,87,105,31,18,8,10,33,18,15,51,7,44,47,1,46,66,5,61,8,2,6
2022,15/12/2021,LAMBAYEQUE,CHICLAYO,CHICLAYO,CEM COMISARÍA CAMPODONICO,380,35,345,137,165,78,7,2,5,39,12,27,71,5,66,103,3,100,141,5,136,19,8,11
2022,15/12/2021,SAN MARTIN,PICOTA,PICOTA,CEM COMISARÍA PICOTA,243,44,199,105,107,31,18,9,9,47,22,25,47,10,37,52,1,51,73,2,71,6,0,6
2022,15/12/2021,ICA,ICA,SANTIAGO,CEM COMISARÍA SANTIAGO - ICA,221,19,202,76,109,36,6,0,6,27,7,20,36,3,33,60,0,60,83,3,80,9,6,3
2022,15/12/2021,LIMA,LIMA,RIMAC,CEM COMISARÍA CIUDAD Y CAMPO,360,56,304,136,133,91,30,12,18,61,21,40,87,14,73,71,2,69,93,5,88,18,2,16
2022,15/12/2021,UCAYALI,PADRE ABAD,IRAZOLA,CEM COMISARÍA RURAL VON HUMBOLT,299,21,278,101,140,58,11,3,8,25,7,18,58,6,52,99,0,99,101,4,97,5,1,4
2022,15/12/2021,AREQUIPA,AREQUIPA,PAUCARPATA,CEM COMISARÍA MIGUEL GRAU,812,154,658,436,264,112,85,35,50,113,41,72,117,25,92,119,13,106,304,23,281,74,17,57
2022,15/12/2021,TUMBES,TUMBES,PAMPAS DE HOSPITAL,CEM COMISARÍA PAMPAS DE HOSPITAL,157,48,109,89,47,21,34,15,19,26,13,13,30,14,16,31,2,29,31,0,31,5,4,1
2022,15/12/2021,CAJAMARCA,JAEN,COLASAY,CEM COMISARÍA RURAL COLASAY,174,11,163,60,68,46,3,2,1,23,2,21,31,4,27,41,0,41,74,2,72,2,1,1
2022,15/12/2021,PIURA,PIURA,TAMBO GRANDE,CEM COMISARÍA RURAL TAMBO GRANDE,549,42,507,334,193,22,4,3,1,4,1,3,30,1,29,177,4,173,314,24,290,20,9,11
2022,15/12/2021,AREQUIPA,CAMANA,CAMANA,CEM COMISARÍA SECTORIAL RURAL CAMANA,429,51,378,204,187,38,14,7,7,31,14,17,48,6,42,94,3,91,224,17,207,18,4,14
2022,15/12/2021,LIMA,LIMA,SAN MIGUEL,CEM COMISARÍA MARANGA,255,37,218,125,79,51,5,2,3,29,10,19,38,10,28,61,2,59,93,2,91,29,11,18
2022,15/12/2021,LIMA,LIMA,INDEPENDENCIA,CEM COMISARÍA INDEPENDENCIA,463,79,384,196,190,77,33,14,19,67,22,45,74,10,64,100,5,95,155,8,147,34,20,14
2022,15/12/2021,LAMBAYEQUE,FERREÑAFE,FERREÑAFE,CEM COMISARÍA FERREÑAFE,233,14,219,97,103,33,5,3,2,16,8,8,35,2,33,57,0,57,112,0,112,8,1,7
2022,15/12/2021,LAMBAYEQUE,CHICLAYO,JOSE LEONARDO ORTIZ,CEM COMISARÍA JOSE LEONARDO ORTIZ,378,41,337,156,175,47,18,6,12,26,6,20,60,12,48,115,3,112,128,5,123,31,9,22
2022,15/12/2021,LIMA,LIMA,SAN JUAN DE LURIGANCHO,CEM COMISARÍA HUACHIPA,311,27,284,94,150,67,16,8,8,45,13,32,37,4,33,87,1,86,117,0,117,9,1,8
2022,15/12/2021,TACNA,TACNA,TACNA,CEM COMISARÍA AUGUSTO B. LEGUIA,333,51,282,146,150,37,11,6,5,51,19,32,53,15,38,60,4,56,145,5,140,13,2,11
2022,15/12/2021,piura,piura,piura,cem comisaría piura,1072,153,919,546,408,118,27,18,9,78,39,39,122,12,110,265,13,252,487,52,435,93,19,74
2022,15/12/2021,MOQUEGUA,ILO,ILO,CEM COMISARÍA ILO,267,40,227,120,128,19,19,10,9,23,7,16,29,2,27,68,3,65,93,7,86,35,11,24
2022,15/12/2021,piura,paita,paita,CEM COMISARÍA SECTORIAL PAITA,269,15,254,68,148,53,3,1,2,17,1,16,37,5,32,87,3,84,121,5,116,4,0,4
2022,15/12/2021,CUSCO,CALCA,CALCA,CEM COMISARÍA SECTORIAL CALCA,485,35,450,225,214,46,3,3,0,24,9,15,54,11,43,109,3,106,266,4,262,29,5,24
2022,15/12/2021,ICA,CHINCHA,SUNAMPE,CEM COMISARÍA SUNAMPE,228,15,213,80,118,30,5,4,1,17,7,10,28,3,25,70,0,70,98,0,98,10,1,9
2022,15/12/2021,APURIMAC,AYMARAES,CHALHUANCA,CEM COMISARÍA CHALHUANCA,159,19,140,52,79,28,8,5,3,14,5,9,24,5,19,29,0,29,79,2,77,5,2,3
2022,15/12/2021,TUMBES,TUMBES,LA CRUZ,CEM COMISARÍA LA CRUZ,78,12,66,32,33,13,3,0,3,12,2,10,15,6,9,17,0,17,31,4,27,0,0,0
2022,15/12/2021,AREQUIPA,ISLAY,ISLAY,CEM COMISARÍA MATARANI,371,61,310,195,130,46,16,8,8,56,19,37,48,19,29,74,6,68,152,3,149,25,6,19
2022,15/12/2021,PUNO,CHUCUITO,HUACULLANI,CEM COMISARÍA RURAL HUACULLANI,36,7,29,13,21,2,2,2,0,2,2,0,9,3,6,6,0,6,15,0,15,2,0,2
2022,15/12/2021,ÁNCAsh,BOLOGNESI,CHIQUIAN,CEM COMISARÍA SECTORIAL BOLOGNESI CHIQUIAN,173,33,140,77,85,11,24,7,17,33,13,20,29,7,22,26,2,24,45,0,45,16,4,12
2022,15/12/2021,AREQUIPA,AREQUIPA,SOCABAYA,CEM COMISARÍA SECTORIAL SOCABAYA,727,141,586,359,247,121,62,31,31,120,49,71,126,26,100,102,11,91,282,14,268,35,10,25
2022,15/12/2021,SAN MARTIN,RIOJA,NUEVA CAJAMARCA,CEM COMISARÍA NUEVA CAJAMARCA,290,21,269,108,118,64,12,6,6,29,4,25,49,7,42,83,0,83,111,1,110,6,3,3
2022,15/12/2021,UCAYALI,PADRE ABAD,IRAZOLA,CEM COMISARÍA SAN ALEJANDRO,127,14,113,36,66,25,10,6,4,15,4,11,23,0,23,36,0,36,38,4,34,5,0,5
2022,15/12/2021,LORETO,MAYNAS,BELen,CEM COMISARÍA 09 DE OCTUBRE,466,21,445,248,132,86,8,4,4,24,0,24,69,11,58,113,1,112,233,1,232,19,4,15
2022,15/12/2021,TUMBES,TUMBES,CORRALES,CEM COMISARÍA CORRALES,174,21,153,82,71,21,11,6,5,22,8,14,16,1,15,50,0,50,70,5,65,5,1,4
2022,15/12/2021,amazonas,luya,lamud,cem comisaría rural sectoral lamud ,155,22,133,84,57,14,7,2,5,28,11,17,26,4,22,22,1,21,57,0,57,15,4,11
2022,15/12/2021,LIMA,CANTA,SANTA ROSA DE QUIVES,CEM COMISARÍA YANGAS,161,38,123,87,48,26,12,5,7,28,12,16,37,13,24,32,1,31,35,1,34,17,6,11
2022,15/12/2021,UCAYALI,CORONEL PORTILLO,YARINACOCHA,CEM COMISARÍA YARINACOCHA,838,89,749,265,362,211,25,9,16,108,27,81,171,15,156,202,8,194,308,20,288,24,10,14
2022,15/12/2021,UCAYALI,CORONEL PORTILLO,CAMPOVERDE,CEM COMISARÍA CAMPOVERDE,355,54,301,118,145,92,27,9,18,58,24,34,98,7,91,63,1,62,104,11,93,5,2,3
2022,15/12/2021,ICA,CHINCHA,GROCIO PRADO,CEM COMISARÍA EMILIO ROMAN SARAVIA GARCIA,370,53,317,176,150,44,12,6,6,35,13,22,61,15,46,102,3,99,148,15,133,12,1,11
2022,15/12/2021,JUNIN,SATIPO,SATIPO,CEM COMISARÍA SATIPO,557,63,494,197,244,116,8,3,5,52,16,36,94,3,91,157,11,146,228,25,203,18,5,13
2022,15/12/2021,SAN MARTIN,EL DORADO,SAN JOSE DE SISA,CEM COMISARÍA SAN JOSE DE SISA,285,58,227,127,105,53,23,12,11,59,27,32,71,11,60,46,1,45,76,6,70,10,1,9
2022,15/12/2021,tacna,tacna,tacna,cem comisaría la natividad ,260,33,227,124,88,48,11,4,7,42,15,27,53,6,47,39,3,36,99,3,96,16,2,14
2022,15/12/2021,HUANCAVELICA,TAYACAJA,PAMPAS,CEM COMISARÍA PAMPAS DE TAYACAJA,329,24,305,108,128,93,15,8,7,28,4,24,77,6,71,89,0,89,107,3,104,13,3,10
2022,15/12/2021,LIMA METROPOLITANA,LIMA,BREÑA,CEM COMISARÍA BREÑA,317,53,264,149,98,70,16,6,10,41,21,20,57,11,46,72,2,70,107,6,101,24,7,17
2022,15/12/2021,AREQUIPA,LA UNION,COTAHUASI,CEM COMISARÍA SECTORIAL COTAHUASI,309,63,246,148,124,37,31,19,12,53,26,27,58,12,46,42,2,40,95,2,93,30,2,28
2022,15/12/2021,PUNO,HUANCANE,HUANCANE,CEM COMISARÍA SECTORIAL HUANCANE,168,28,140,66,87,15,4,2,2,13,6,7,23,2,21,30,4,26,72,3,69,26,11,15
2022,15/12/2021,piura,ayabaca,ayabaca,cem comisaría suyo ,189,27,162,114,46,29,16,9,7,23,6,17,34,8,26,43,1,42,68,1,67,5,2,3
2022,15/12/2021,PIURA,PIURA,VEINTISEIS DE OCTUBRE,CEM CENTRO DE SALUD - SANTA JULIA,769,116,653,396,275,98,27,12,15,85,46,39,105,22,83,176,8,168,319,17,302,57,11,46